5.354999999999999716e+01 1.000000000000000062e-09
5.355099999999999483e+01 5.000000000000000000e+00
5.355199999999999250e+01 5.000000000000000000e+00
5.355299999999999017e+01 5.000000000000000000e+00
5.355399999999998784e+01 5.000000000000000000e+00
5.355499999999998550e+01 5.000000000000000000e+00
5.355599999999998317e+01 5.000000000000000000e+00
5.355699999999998084e+01 5.000000000000000000e+00
5.355799999999997851e+01 5.000000000000000000e+00
5.355899999999997618e+01 5.000000000000000000e+00
5.355999999999997385e+01 5.000000000000000000e+00
5.356099999999997152e+01 5.000000000000000000e+00
5.356199999999996919e+01 5.000000000000000000e+00
5.356299999999996686e+01 5.000000000000000000e+00
5.356399999999996453e+01 5.000000000000000000e+00
5.356499999999996220e+01 5.000000000000000000e+00
5.356599999999995987e+01 5.000000000000000000e+00
5.356699999999995754e+01 5.000000000000000000e+00
5.356799999999995521e+01 5.000000000000000000e+00
5.356899999999995288e+01 5.000000000000000000e+00
5.356999999999995055e+01 5.000000000000000000e+00
5.357099999999994822e+01 5.000000000000000000e+00
5.357199999999994589e+01 5.000000000000000000e+00
5.357299999999994355e+01 5.000000000000000000e+00
5.357399999999994122e+01 5.000000000000000000e+00
5.357499999999993889e+01 5.000000000000000000e+00
5.357599999999993656e+01 5.000000000000000000e+00
5.357699999999993423e+01 5.000000000000000000e+00
5.357799999999993190e+01 5.000000000000000000e+00
5.357899999999992957e+01 5.000000000000000000e+00
5.357999999999992724e+01 5.000000000000000000e+00
5.358099999999992491e+01 5.000000000000000000e+00
5.358199999999992258e+01 5.000000000000000000e+00
5.358299999999992025e+01 5.000000000000000000e+00
5.358399999999991792e+01 5.000000000000000000e+00
5.358499999999991559e+01 5.000000000000000000e+00
5.358599999999991326e+01 5.000000000000000000e+00
5.358699999999991093e+01 5.000000000000000000e+00
5.358799999999990860e+01 5.000000000000000000e+00
5.358899999999990627e+01 5.000000000000000000e+00
5.358999999999990393e+01 5.000000000000000000e+00
5.359099999999990160e+01 5.000000000000000000e+00
5.359199999999989927e+01 5.000000000000000000e+00
5.359299999999989694e+01 5.000000000000000000e+00
5.359399999999989461e+01 5.000000000000000000e+00
5.359499999999989228e+01 5.000000000000000000e+00
5.359599999999988995e+01 5.000000000000000000e+00
5.359699999999988762e+01 5.000000000000000000e+00
5.359799999999988529e+01 5.000000000000000000e+00
5.359899999999988296e+01 5.000000000000000000e+00
5.359999999999988063e+01 5.000000000000000000e+00
5.360099999999987830e+01 5.000000000000000000e+00
5.360199999999987597e+01 5.000000000000000000e+00
5.360299999999987364e+01 5.000000000000000000e+00
5.360399999999987131e+01 5.000000000000000000e+00
5.360499999999986898e+01 5.000000000000000000e+00
5.360599999999986665e+01 5.000000000000000000e+00
5.360699999999986431e+01 5.000000000000000000e+00
5.360799999999986198e+01 5.000000000000000000e+00
5.360899999999985965e+01 5.000000000000000000e+00
5.360999999999985732e+01 5.000000000000000000e+00
5.361099999999985499e+01 5.000000000000000000e+00
5.361199999999985266e+01 5.000000000000000000e+00
5.361299999999985033e+01 5.000000000000000000e+00
5.361399999999984800e+01 5.000000000000000000e+00
5.361499999999984567e+01 5.000000000000000000e+00
5.361599999999984334e+01 5.000000000000000000e+00
5.361699999999984101e+01 5.000000000000000000e+00
5.361799999999983868e+01 5.000000000000000000e+00
5.361899999999983635e+01 5.000000000000000000e+00
5.361999999999983402e+01 5.000000000000000000e+00
5.362099999999983169e+01 5.000000000000000000e+00
5.362199999999982936e+01 5.000000000000000000e+00
5.362299999999982703e+01 5.000000000000000000e+00
5.362399999999982469e+01 5.000000000000000000e+00
5.362499999999982236e+01 5.000000000000000000e+00
5.362599999999982003e+01 5.000000000000000000e+00
5.362699999999981770e+01 5.000000000000000000e+00
5.362799999999981537e+01 5.000000000000000000e+00
5.362899999999981304e+01 5.000000000000000000e+00
5.362999999999981071e+01 5.000000000000000000e+00
5.363099999999980838e+01 5.000000000000000000e+00
5.363199999999980605e+01 5.000000000000000000e+00
5.363299999999980372e+01 5.000000000000000000e+00
5.363399999999980139e+01 5.000000000000000000e+00
5.363499999999979906e+01 5.000000000000000000e+00
5.363599999999979673e+01 5.000000000000000000e+00
5.363699999999979440e+01 5.000000000000000000e+00
5.363799999999979207e+01 5.000000000000000000e+00
5.363899999999978974e+01 5.000000000000000000e+00
5.363999999999978741e+01 5.000000000000000000e+00
5.364099999999978508e+01 5.000000000000000000e+00
5.364199999999978274e+01 5.000000000000000000e+00
5.364299999999978041e+01 5.000000000000000000e+00
5.364399999999977808e+01 5.000000000000000000e+00
5.364499999999977575e+01 5.000000000000000000e+00
5.364599999999977342e+01 5.000000000000000000e+00
5.364699999999977109e+01 5.000000000000000000e+00
5.364799999999976876e+01 5.000000000000000000e+00
5.364899999999976643e+01 5.000000000000000000e+00
5.364999999999976410e+01 5.000000000000000000e+00
5.365099999999976177e+01 5.000000000000000000e+00
5.365199999999975944e+01 5.000000000000000000e+00
5.365299999999975711e+01 5.000000000000000000e+00
5.365399999999975478e+01 5.000000000000000000e+00
5.365499999999975245e+01 5.000000000000000000e+00
5.365599999999975012e+01 5.000000000000000000e+00
5.365699999999974779e+01 5.000000000000000000e+00
5.365799999999974546e+01 5.000000000000000000e+00
5.365899999999974312e+01 5.000000000000000000e+00
5.365999999999974079e+01 5.000000000000000000e+00
5.366099999999973846e+01 5.000000000000000000e+00
5.366199999999973613e+01 5.000000000000000000e+00
5.366299999999973380e+01 5.000000000000000000e+00
5.366399999999973147e+01 5.000000000000000000e+00
5.366499999999972914e+01 5.000000000000000000e+00
5.366599999999972681e+01 5.000000000000000000e+00
5.366699999999972448e+01 5.000000000000000000e+00
5.366799999999972215e+01 5.000000000000000000e+00
5.366899999999971982e+01 5.000000000000000000e+00
5.366999999999971749e+01 5.000000000000000000e+00
5.367099999999971516e+01 5.000000000000000000e+00
5.367199999999971283e+01 5.000000000000000000e+00
5.367299999999971050e+01 5.000000000000000000e+00
5.367399999999970817e+01 5.000000000000000000e+00
5.367499999999970584e+01 5.000000000000000000e+00
5.367599999999970350e+01 5.000000000000000000e+00
5.367699999999970117e+01 5.000000000000000000e+00
5.367799999999969884e+01 5.000000000000000000e+00
5.367899999999969651e+01 5.000000000000000000e+00
5.367999999999969418e+01 5.000000000000000000e+00
5.368099999999969185e+01 5.000000000000000000e+00
5.368199999999968952e+01 5.000000000000000000e+00
5.368299999999968719e+01 5.000000000000000000e+00
5.368399999999968486e+01 5.000000000000000000e+00
5.368499999999968253e+01 5.000000000000000000e+00
5.368599999999968020e+01 5.000000000000000000e+00
5.368699999999967787e+01 5.000000000000000000e+00
5.368799999999967554e+01 5.000000000000000000e+00
5.368899999999967321e+01 5.000000000000000000e+00
5.368999999999967088e+01 5.000000000000000000e+00
5.369099999999966855e+01 5.000000000000000000e+00
5.369199999999966622e+01 5.000000000000000000e+00
5.369299999999966388e+01 5.000000000000000000e+00
5.369399999999966155e+01 5.000000000000000000e+00
5.369499999999965922e+01 5.000000000000000000e+00
5.369599999999965689e+01 5.000000000000000000e+00
5.369699999999965456e+01 5.000000000000000000e+00
5.369799999999965223e+01 5.000000000000000000e+00
5.369899999999964990e+01 5.000000000000000000e+00
5.369999999999964757e+01 5.000000000000000000e+00
5.370099999999964524e+01 5.000000000000000000e+00
5.370199999999964291e+01 5.000000000000000000e+00
5.370299999999964058e+01 5.000000000000000000e+00
5.370399999999963825e+01 5.000000000000000000e+00
5.370499999999963592e+01 5.000000000000000000e+00
5.370599999999963359e+01 5.000000000000000000e+00
5.370699999999963126e+01 5.000000000000000000e+00
5.370799999999962893e+01 5.000000000000000000e+00
5.370899999999962660e+01 5.000000000000000000e+00
5.370999999999962427e+01 5.000000000000000000e+00
5.371099999999962193e+01 5.000000000000000000e+00
5.371199999999961960e+01 5.000000000000000000e+00
5.371299999999961727e+01 5.000000000000000000e+00
5.371399999999961494e+01 5.000000000000000000e+00
5.371499999999961261e+01 5.000000000000000000e+00
5.371599999999961028e+01 5.000000000000000000e+00
5.371699999999960795e+01 5.000000000000000000e+00
5.371799999999960562e+01 5.000000000000000000e+00
5.371899999999960329e+01 5.000000000000000000e+00
5.371999999999960096e+01 5.000000000000000000e+00
5.372099999999959863e+01 5.000000000000000000e+00
5.372199999999959630e+01 5.000000000000000000e+00
5.372299999999959397e+01 5.000000000000000000e+00
5.372399999999959164e+01 5.000000000000000000e+00
5.372499999999958931e+01 5.000000000000000000e+00
5.372599999999958698e+01 5.000000000000000000e+00
5.372699999999958465e+01 5.000000000000000000e+00
5.372799999999958231e+01 5.000000000000000000e+00
5.372899999999957998e+01 5.000000000000000000e+00
5.372999999999957765e+01 5.000000000000000000e+00
5.373099999999957532e+01 5.000000000000000000e+00
5.373199999999957299e+01 5.000000000000000000e+00
5.373299999999957066e+01 5.000000000000000000e+00
5.373399999999956833e+01 5.000000000000000000e+00
5.373499999999956600e+01 5.000000000000000000e+00
5.373599999999956367e+01 5.000000000000000000e+00
5.373699999999956134e+01 5.000000000000000000e+00
5.373799999999955901e+01 5.000000000000000000e+00
5.373899999999955668e+01 5.000000000000000000e+00
5.373999999999955435e+01 5.000000000000000000e+00
5.374099999999955202e+01 5.000000000000000000e+00
5.374199999999954969e+01 5.000000000000000000e+00
5.374299999999954736e+01 5.000000000000000000e+00
5.374399999999954503e+01 5.000000000000000000e+00
5.374499999999954269e+01 5.000000000000000000e+00
5.374599999999954036e+01 5.000000000000000000e+00
5.374699999999953803e+01 5.000000000000000000e+00
5.374799999999953570e+01 5.000000000000000000e+00
5.374899999999953337e+01 5.000000000000000000e+00
5.374999999999953104e+01 5.000000000000000000e+00
5.375099999999952871e+01 5.000000000000000000e+00
5.375199999999952638e+01 5.000000000000000000e+00
5.375299999999952405e+01 5.000000000000000000e+00
5.375399999999952172e+01 5.000000000000000000e+00
5.375499999999951939e+01 5.000000000000000000e+00
5.375599999999951706e+01 5.000000000000000000e+00
5.375699999999951473e+01 5.000000000000000000e+00
5.375799999999951240e+01 5.000000000000000000e+00
5.375899999999951007e+01 5.000000000000000000e+00
5.375999999999950774e+01 5.000000000000000000e+00
5.376099999999950541e+01 5.000000000000000000e+00
5.376199999999950307e+01 5.000000000000000000e+00
5.376299999999950074e+01 5.000000000000000000e+00
5.376399999999949841e+01 5.000000000000000000e+00
5.376499999999949608e+01 5.000000000000000000e+00
5.376599999999949375e+01 5.000000000000000000e+00
5.376699999999949142e+01 5.000000000000000000e+00
5.376799999999948909e+01 5.000000000000000000e+00
5.376899999999948676e+01 5.000000000000000000e+00
5.376999999999948443e+01 5.000000000000000000e+00
5.377099999999948210e+01 5.000000000000000000e+00
5.377199999999947977e+01 5.000000000000000000e+00
5.377299999999947744e+01 5.000000000000000000e+00
5.377399999999947511e+01 5.000000000000000000e+00
5.377499999999947278e+01 5.000000000000000000e+00
5.377599999999947045e+01 5.000000000000000000e+00
5.377699999999946812e+01 5.000000000000000000e+00
5.377799999999946579e+01 5.000000000000000000e+00
5.377899999999946345e+01 5.000000000000000000e+00
5.377999999999946112e+01 5.000000000000000000e+00
5.378099999999945879e+01 5.000000000000000000e+00
5.378199999999945646e+01 5.000000000000000000e+00
5.378299999999945413e+01 5.000000000000000000e+00
5.378399999999945180e+01 5.000000000000000000e+00
5.378499999999944947e+01 5.000000000000000000e+00
5.378599999999944714e+01 5.000000000000000000e+00
5.378699999999944481e+01 5.000000000000000000e+00
5.378799999999944248e+01 5.000000000000000000e+00
5.378899999999944015e+01 5.000000000000000000e+00
5.378999999999943782e+01 5.000000000000000000e+00
5.379099999999943549e+01 5.000000000000000000e+00
5.379199999999943316e+01 5.000000000000000000e+00
5.379299999999943083e+01 5.000000000000000000e+00
5.379399999999942850e+01 5.000000000000000000e+00
5.379499999999942617e+01 5.000000000000000000e+00
5.379599999999942384e+01 5.000000000000000000e+00
5.379699999999942150e+01 5.000000000000000000e+00
5.379799999999941917e+01 5.000000000000000000e+00
5.379899999999941684e+01 5.000000000000000000e+00
5.379999999999941451e+01 5.000000000000000000e+00
5.380099999999941218e+01 5.000000000000000000e+00
5.380199999999940985e+01 5.000000000000000000e+00
5.380299999999940752e+01 5.000000000000000000e+00
5.380399999999940519e+01 5.000000000000000000e+00
5.380499999999940286e+01 5.000000000000000000e+00
5.380599999999940053e+01 5.000000000000000000e+00
5.380699999999939820e+01 5.000000000000000000e+00
5.380799999999939587e+01 5.000000000000000000e+00
5.380899999999939354e+01 5.000000000000000000e+00
5.380999999999939121e+01 5.000000000000000000e+00
5.381099999999938888e+01 5.000000000000000000e+00
5.381199999999938655e+01 5.000000000000000000e+00
5.381299999999938422e+01 5.000000000000000000e+00
5.381399999999938188e+01 5.000000000000000000e+00
5.381499999999937955e+01 5.000000000000000000e+00
5.381599999999937722e+01 5.000000000000000000e+00
5.381699999999937489e+01 5.000000000000000000e+00
5.381799999999937256e+01 5.000000000000000000e+00
5.381899999999937023e+01 5.000000000000000000e+00
5.381999999999936790e+01 5.000000000000000000e+00
5.382099999999936557e+01 5.000000000000000000e+00
5.382199999999936324e+01 5.000000000000000000e+00
5.382299999999936091e+01 5.000000000000000000e+00
5.382399999999935858e+01 5.000000000000000000e+00
5.382499999999935625e+01 5.000000000000000000e+00
5.382599999999935392e+01 5.000000000000000000e+00
5.382699999999935159e+01 5.000000000000000000e+00
5.382799999999934926e+01 5.000000000000000000e+00
5.382899999999934693e+01 5.000000000000000000e+00
5.382999999999934460e+01 5.000000000000000000e+00
5.383099999999934226e+01 5.000000000000000000e+00
5.383199999999933993e+01 5.000000000000000000e+00
5.383299999999933760e+01 5.000000000000000000e+00
5.383399999999933527e+01 5.000000000000000000e+00
5.383499999999933294e+01 5.000000000000000000e+00
5.383599999999933061e+01 5.000000000000000000e+00
5.383699999999932828e+01 5.000000000000000000e+00
5.383799999999932595e+01 5.000000000000000000e+00
5.383899999999932362e+01 5.000000000000000000e+00
5.383999999999932129e+01 5.000000000000000000e+00
5.384099999999931896e+01 5.000000000000000000e+00
5.384199999999931663e+01 5.000000000000000000e+00
5.384299999999931430e+01 5.000000000000000000e+00
5.384399999999931197e+01 5.000000000000000000e+00
5.384499999999930964e+01 5.000000000000000000e+00
5.384599999999930731e+01 5.000000000000000000e+00
5.384699999999930498e+01 5.000000000000000000e+00
5.384799999999930264e+01 5.000000000000000000e+00
5.384899999999930031e+01 5.000000000000000000e+00
5.384999999999929798e+01 5.000000000000000000e+00
5.385099999999929565e+01 5.000000000000000000e+00
5.385199999999929332e+01 5.000000000000000000e+00
5.385299999999929099e+01 5.000000000000000000e+00
5.385399999999928866e+01 5.000000000000000000e+00
5.385499999999928633e+01 5.000000000000000000e+00
5.385599999999928400e+01 5.000000000000000000e+00
5.385699999999928167e+01 5.000000000000000000e+00
5.385799999999927934e+01 5.000000000000000000e+00
5.385899999999927701e+01 5.000000000000000000e+00
5.385999999999927468e+01 5.000000000000000000e+00
5.386099999999927235e+01 5.000000000000000000e+00
5.386199999999927002e+01 5.000000000000000000e+00
5.386299999999926769e+01 5.000000000000000000e+00
5.386399999999926536e+01 5.000000000000000000e+00
5.386499999999926303e+01 5.000000000000000000e+00
5.386599999999926069e+01 5.000000000000000000e+00
5.386699999999925836e+01 5.000000000000000000e+00
5.386799999999925603e+01 5.000000000000000000e+00
5.386899999999925370e+01 5.000000000000000000e+00
5.386999999999925137e+01 5.000000000000000000e+00
5.387099999999924904e+01 5.000000000000000000e+00
5.387199999999924671e+01 5.000000000000000000e+00
5.387299999999924438e+01 5.000000000000000000e+00
5.387399999999924205e+01 5.000000000000000000e+00
5.387499999999923972e+01 5.000000000000000000e+00
5.387599999999923739e+01 5.000000000000000000e+00
5.387699999999923506e+01 5.000000000000000000e+00
5.387799999999923273e+01 5.000000000000000000e+00
5.387899999999923040e+01 5.000000000000000000e+00
5.387999999999922807e+01 5.000000000000000000e+00
5.388099999999922574e+01 5.000000000000000000e+00
5.388199999999922341e+01 5.000000000000000000e+00
5.388299999999922107e+01 5.000000000000000000e+00
5.388399999999921874e+01 5.000000000000000000e+00
5.388499999999921641e+01 5.000000000000000000e+00
5.388599999999921408e+01 5.000000000000000000e+00
5.388699999999921175e+01 5.000000000000000000e+00
5.388799999999920942e+01 5.000000000000000000e+00
5.388899999999920709e+01 5.000000000000000000e+00
5.388999999999920476e+01 5.000000000000000000e+00
5.389099999999920243e+01 5.000000000000000000e+00
5.389199999999920010e+01 5.000000000000000000e+00
5.389299999999919777e+01 5.000000000000000000e+00
5.389399999999919544e+01 5.000000000000000000e+00
5.389499999999919311e+01 5.000000000000000000e+00
5.389599999999919078e+01 5.000000000000000000e+00
5.389699999999918845e+01 5.000000000000000000e+00
5.389799999999918612e+01 5.000000000000000000e+00
5.389899999999918379e+01 5.000000000000000000e+00
5.389999999999918145e+01 5.000000000000000000e+00
5.390099999999917912e+01 5.000000000000000000e+00
5.390199999999917679e+01 5.000000000000000000e+00
5.390299999999917446e+01 5.000000000000000000e+00
5.390399999999917213e+01 5.000000000000000000e+00
5.390499999999916980e+01 5.000000000000000000e+00
5.390599999999916747e+01 5.000000000000000000e+00
5.390699999999916514e+01 5.000000000000000000e+00
5.390799999999916281e+01 5.000000000000000000e+00
5.390899999999916048e+01 5.000000000000000000e+00
5.390999999999915815e+01 5.000000000000000000e+00
5.391099999999915582e+01 5.000000000000000000e+00
5.391199999999915349e+01 5.000000000000000000e+00
5.391299999999915116e+01 5.000000000000000000e+00
5.391399999999914883e+01 5.000000000000000000e+00
5.391499999999914650e+01 5.000000000000000000e+00
5.391599999999914417e+01 5.000000000000000000e+00
5.391699999999914183e+01 5.000000000000000000e+00
5.391799999999913950e+01 5.000000000000000000e+00
5.391899999999913717e+01 5.000000000000000000e+00
5.391999999999913484e+01 5.000000000000000000e+00
5.392099999999913251e+01 5.000000000000000000e+00
5.392199999999913018e+01 5.000000000000000000e+00
5.392299999999912785e+01 5.000000000000000000e+00
5.392399999999912552e+01 5.000000000000000000e+00
5.392499999999912319e+01 5.000000000000000000e+00
5.392599999999912086e+01 5.000000000000000000e+00
5.392699999999911853e+01 5.000000000000000000e+00
5.392799999999911620e+01 5.000000000000000000e+00
5.392899999999911387e+01 5.000000000000000000e+00
5.392999999999911154e+01 5.000000000000000000e+00
5.393099999999910921e+01 5.000000000000000000e+00
5.393199999999910688e+01 5.000000000000000000e+00
5.393299999999910455e+01 5.000000000000000000e+00
5.393399999999910222e+01 5.000000000000000000e+00
5.393499999999909988e+01 5.000000000000000000e+00
5.393599999999909755e+01 5.000000000000000000e+00
5.393699999999909522e+01 5.000000000000000000e+00
5.393799999999909289e+01 5.000000000000000000e+00
5.393899999999909056e+01 5.000000000000000000e+00
5.393999999999908823e+01 5.000000000000000000e+00
5.394099999999908590e+01 5.000000000000000000e+00
5.394199999999908357e+01 5.000000000000000000e+00
5.394299999999908124e+01 5.000000000000000000e+00
5.394399999999907891e+01 5.000000000000000000e+00
5.394499999999907658e+01 5.000000000000000000e+00
5.394599999999907425e+01 5.000000000000000000e+00
5.394699999999907192e+01 5.000000000000000000e+00
5.394799999999906959e+01 5.000000000000000000e+00
5.394899999999906726e+01 5.000000000000000000e+00
5.394999999999906493e+01 1.000000000000000062e-09
