5.009999999999999432e+01 1.000000000000000062e-09
5.010099999999999199e+01 5.000000000000000000e+00
5.010199999999998965e+01 5.000000000000000000e+00
5.010299999999998732e+01 5.000000000000000000e+00
5.010399999999998499e+01 5.000000000000000000e+00
5.010499999999998266e+01 5.000000000000000000e+00
5.010599999999998033e+01 5.000000000000000000e+00
5.010699999999997800e+01 5.000000000000000000e+00
5.010799999999997567e+01 5.000000000000000000e+00
5.010899999999997334e+01 5.000000000000000000e+00
5.010999999999997101e+01 5.000000000000000000e+00
5.011099999999996868e+01 5.000000000000000000e+00
5.011199999999996635e+01 5.000000000000000000e+00
5.011299999999996402e+01 5.000000000000000000e+00
5.011399999999996169e+01 5.000000000000000000e+00
5.011499999999995936e+01 5.000000000000000000e+00
5.011599999999995703e+01 5.000000000000000000e+00
5.011699999999995470e+01 5.000000000000000000e+00
5.011799999999995237e+01 5.000000000000000000e+00
5.011899999999995003e+01 5.000000000000000000e+00
5.011999999999994770e+01 5.000000000000000000e+00
5.012099999999994537e+01 5.000000000000000000e+00
5.012199999999994304e+01 5.000000000000000000e+00
5.012299999999994071e+01 5.000000000000000000e+00
5.012399999999993838e+01 5.000000000000000000e+00
5.012499999999993605e+01 5.000000000000000000e+00
5.012599999999993372e+01 5.000000000000000000e+00
5.012699999999993139e+01 5.000000000000000000e+00
5.012799999999992906e+01 5.000000000000000000e+00
5.012899999999992673e+01 5.000000000000000000e+00
5.012999999999992440e+01 5.000000000000000000e+00
5.013099999999992207e+01 5.000000000000000000e+00
5.013199999999991974e+01 5.000000000000000000e+00
5.013299999999991741e+01 5.000000000000000000e+00
5.013399999999991508e+01 5.000000000000000000e+00
5.013499999999991275e+01 5.000000000000000000e+00
5.013599999999991041e+01 5.000000000000000000e+00
5.013699999999990808e+01 5.000000000000000000e+00
5.013799999999990575e+01 5.000000000000000000e+00
5.013899999999990342e+01 5.000000000000000000e+00
5.013999999999990109e+01 5.000000000000000000e+00
5.014099999999989876e+01 5.000000000000000000e+00
5.014199999999989643e+01 5.000000000000000000e+00
5.014299999999989410e+01 5.000000000000000000e+00
5.014399999999989177e+01 5.000000000000000000e+00
5.014499999999988944e+01 5.000000000000000000e+00
5.014599999999988711e+01 5.000000000000000000e+00
5.014699999999988478e+01 5.000000000000000000e+00
5.014799999999988245e+01 5.000000000000000000e+00
5.014899999999988012e+01 5.000000000000000000e+00
5.014999999999987779e+01 5.000000000000000000e+00
5.015099999999987546e+01 5.000000000000000000e+00
5.015199999999987313e+01 5.000000000000000000e+00
5.015299999999987079e+01 5.000000000000000000e+00
5.015399999999986846e+01 5.000000000000000000e+00
5.015499999999986613e+01 5.000000000000000000e+00
5.015599999999986380e+01 5.000000000000000000e+00
5.015699999999986147e+01 5.000000000000000000e+00
5.015799999999985914e+01 5.000000000000000000e+00
5.015899999999985681e+01 5.000000000000000000e+00
5.015999999999985448e+01 5.000000000000000000e+00
5.016099999999985215e+01 5.000000000000000000e+00
5.016199999999984982e+01 5.000000000000000000e+00
5.016299999999984749e+01 5.000000000000000000e+00
5.016399999999984516e+01 5.000000000000000000e+00
5.016499999999984283e+01 5.000000000000000000e+00
5.016599999999984050e+01 5.000000000000000000e+00
5.016699999999983817e+01 5.000000000000000000e+00
5.016799999999983584e+01 5.000000000000000000e+00
5.016899999999983351e+01 5.000000000000000000e+00
5.016999999999983118e+01 5.000000000000000000e+00
5.017099999999982884e+01 5.000000000000000000e+00
5.017199999999982651e+01 5.000000000000000000e+00
5.017299999999982418e+01 5.000000000000000000e+00
5.017399999999982185e+01 5.000000000000000000e+00
5.017499999999981952e+01 5.000000000000000000e+00
5.017599999999981719e+01 5.000000000000000000e+00
5.017699999999981486e+01 5.000000000000000000e+00
5.017799999999981253e+01 5.000000000000000000e+00
5.017899999999981020e+01 5.000000000000000000e+00
5.017999999999980787e+01 5.000000000000000000e+00
5.018099999999980554e+01 5.000000000000000000e+00
5.018199999999980321e+01 5.000000000000000000e+00
5.018299999999980088e+01 5.000000000000000000e+00
5.018399999999979855e+01 5.000000000000000000e+00
5.018499999999979622e+01 5.000000000000000000e+00
5.018599999999979389e+01 5.000000000000000000e+00
5.018699999999979156e+01 5.000000000000000000e+00
5.018799999999978922e+01 5.000000000000000000e+00
5.018899999999978689e+01 5.000000000000000000e+00
5.018999999999978456e+01 5.000000000000000000e+00
5.019099999999978223e+01 5.000000000000000000e+00
5.019199999999977990e+01 5.000000000000000000e+00
5.019299999999977757e+01 5.000000000000000000e+00
5.019399999999977524e+01 5.000000000000000000e+00
5.019499999999977291e+01 5.000000000000000000e+00
5.019599999999977058e+01 5.000000000000000000e+00
5.019699999999976825e+01 5.000000000000000000e+00
5.019799999999976592e+01 5.000000000000000000e+00
5.019899999999976359e+01 5.000000000000000000e+00
5.019999999999976126e+01 5.000000000000000000e+00
5.020099999999975893e+01 5.000000000000000000e+00
5.020199999999975660e+01 5.000000000000000000e+00
5.020299999999975427e+01 5.000000000000000000e+00
5.020399999999975194e+01 5.000000000000000000e+00
5.020499999999974960e+01 5.000000000000000000e+00
5.020599999999974727e+01 5.000000000000000000e+00
5.020699999999974494e+01 5.000000000000000000e+00
5.020799999999974261e+01 5.000000000000000000e+00
5.020899999999974028e+01 5.000000000000000000e+00
5.020999999999973795e+01 5.000000000000000000e+00
5.021099999999973562e+01 5.000000000000000000e+00
5.021199999999973329e+01 5.000000000000000000e+00
5.021299999999973096e+01 5.000000000000000000e+00
5.021399999999972863e+01 5.000000000000000000e+00
5.021499999999972630e+01 5.000000000000000000e+00
5.021599999999972397e+01 5.000000000000000000e+00
5.021699999999972164e+01 5.000000000000000000e+00
5.021799999999971931e+01 5.000000000000000000e+00
5.021899999999971698e+01 5.000000000000000000e+00
5.021999999999971465e+01 5.000000000000000000e+00
5.022099999999971232e+01 5.000000000000000000e+00
5.022199999999970998e+01 5.000000000000000000e+00
5.022299999999970765e+01 5.000000000000000000e+00
5.022399999999970532e+01 5.000000000000000000e+00
5.022499999999970299e+01 5.000000000000000000e+00
5.022599999999970066e+01 5.000000000000000000e+00
5.022699999999969833e+01 5.000000000000000000e+00
5.022799999999969600e+01 5.000000000000000000e+00
5.022899999999969367e+01 5.000000000000000000e+00
5.022999999999969134e+01 5.000000000000000000e+00
5.023099999999968901e+01 5.000000000000000000e+00
5.023199999999968668e+01 5.000000000000000000e+00
5.023299999999968435e+01 5.000000000000000000e+00
5.023399999999968202e+01 5.000000000000000000e+00
5.023499999999967969e+01 5.000000000000000000e+00
5.023599999999967736e+01 5.000000000000000000e+00
5.023699999999967503e+01 5.000000000000000000e+00
5.023799999999967270e+01 5.000000000000000000e+00
5.023899999999967037e+01 5.000000000000000000e+00
5.023999999999966803e+01 5.000000000000000000e+00
5.024099999999966570e+01 5.000000000000000000e+00
5.024199999999966337e+01 5.000000000000000000e+00
5.024299999999966104e+01 5.000000000000000000e+00
5.024399999999965871e+01 5.000000000000000000e+00
5.024499999999965638e+01 5.000000000000000000e+00
5.024599999999965405e+01 5.000000000000000000e+00
5.024699999999965172e+01 5.000000000000000000e+00
5.024799999999964939e+01 5.000000000000000000e+00
5.024899999999964706e+01 5.000000000000000000e+00
5.024999999999964473e+01 5.000000000000000000e+00
5.025099999999964240e+01 5.000000000000000000e+00
5.025199999999964007e+01 5.000000000000000000e+00
5.025299999999963774e+01 5.000000000000000000e+00
5.025399999999963541e+01 5.000000000000000000e+00
5.025499999999963308e+01 5.000000000000000000e+00
5.025599999999963075e+01 5.000000000000000000e+00
5.025699999999962841e+01 5.000000000000000000e+00
5.025799999999962608e+01 5.000000000000000000e+00
5.025899999999962375e+01 5.000000000000000000e+00
5.025999999999962142e+01 5.000000000000000000e+00
5.026099999999961909e+01 5.000000000000000000e+00
5.026199999999961676e+01 5.000000000000000000e+00
5.026299999999961443e+01 5.000000000000000000e+00
5.026399999999961210e+01 5.000000000000000000e+00
5.026499999999960977e+01 5.000000000000000000e+00
5.026599999999960744e+01 5.000000000000000000e+00
5.026699999999960511e+01 5.000000000000000000e+00
5.026799999999960278e+01 5.000000000000000000e+00
5.026899999999960045e+01 5.000000000000000000e+00
5.026999999999959812e+01 5.000000000000000000e+00
5.027099999999959579e+01 5.000000000000000000e+00
5.027199999999959346e+01 5.000000000000000000e+00
5.027299999999959113e+01 5.000000000000000000e+00
5.027399999999958879e+01 5.000000000000000000e+00
5.027499999999958646e+01 5.000000000000000000e+00
5.027599999999958413e+01 5.000000000000000000e+00
5.027699999999958180e+01 5.000000000000000000e+00
5.027799999999957947e+01 5.000000000000000000e+00
5.027899999999957714e+01 5.000000000000000000e+00
5.027999999999957481e+01 5.000000000000000000e+00
5.028099999999957248e+01 5.000000000000000000e+00
5.028199999999957015e+01 5.000000000000000000e+00
5.028299999999956782e+01 5.000000000000000000e+00
5.028399999999956549e+01 5.000000000000000000e+00
5.028499999999956316e+01 5.000000000000000000e+00
5.028599999999956083e+01 5.000000000000000000e+00
5.028699999999955850e+01 5.000000000000000000e+00
5.028799999999955617e+01 5.000000000000000000e+00
5.028899999999955384e+01 5.000000000000000000e+00
5.028999999999955151e+01 5.000000000000000000e+00
5.029099999999954917e+01 5.000000000000000000e+00
5.029199999999954684e+01 5.000000000000000000e+00
5.029299999999954451e+01 5.000000000000000000e+00
5.029399999999954218e+01 5.000000000000000000e+00
5.029499999999953985e+01 5.000000000000000000e+00
5.029599999999953752e+01 5.000000000000000000e+00
5.029699999999953519e+01 5.000000000000000000e+00
5.029799999999953286e+01 5.000000000000000000e+00
5.029899999999953053e+01 5.000000000000000000e+00
5.029999999999952820e+01 5.000000000000000000e+00
5.030099999999952587e+01 5.000000000000000000e+00
5.030199999999952354e+01 5.000000000000000000e+00
5.030299999999952121e+01 5.000000000000000000e+00
5.030399999999951888e+01 5.000000000000000000e+00
5.030499999999951655e+01 5.000000000000000000e+00
5.030599999999951422e+01 5.000000000000000000e+00
5.030699999999951189e+01 5.000000000000000000e+00
5.030799999999950955e+01 5.000000000000000000e+00
5.030899999999950722e+01 5.000000000000000000e+00
5.030999999999950489e+01 5.000000000000000000e+00
5.031099999999950256e+01 5.000000000000000000e+00
5.031199999999950023e+01 5.000000000000000000e+00
5.031299999999949790e+01 5.000000000000000000e+00
5.031399999999949557e+01 5.000000000000000000e+00
5.031499999999949324e+01 5.000000000000000000e+00
5.031599999999949091e+01 5.000000000000000000e+00
5.031699999999948858e+01 5.000000000000000000e+00
5.031799999999948625e+01 5.000000000000000000e+00
5.031899999999948392e+01 5.000000000000000000e+00
5.031999999999948159e+01 5.000000000000000000e+00
5.032099999999947926e+01 5.000000000000000000e+00
5.032199999999947693e+01 5.000000000000000000e+00
5.032299999999947460e+01 5.000000000000000000e+00
5.032399999999947227e+01 5.000000000000000000e+00
5.032499999999946994e+01 5.000000000000000000e+00
5.032599999999946760e+01 5.000000000000000000e+00
5.032699999999946527e+01 5.000000000000000000e+00
5.032799999999946294e+01 5.000000000000000000e+00
5.032899999999946061e+01 5.000000000000000000e+00
5.032999999999945828e+01 5.000000000000000000e+00
5.033099999999945595e+01 5.000000000000000000e+00
5.033199999999945362e+01 5.000000000000000000e+00
5.033299999999945129e+01 5.000000000000000000e+00
5.033399999999944896e+01 5.000000000000000000e+00
5.033499999999944663e+01 5.000000000000000000e+00
5.033599999999944430e+01 5.000000000000000000e+00
5.033699999999944197e+01 5.000000000000000000e+00
5.033799999999943964e+01 5.000000000000000000e+00
5.033899999999943731e+01 5.000000000000000000e+00
5.033999999999943498e+01 5.000000000000000000e+00
5.034099999999943265e+01 5.000000000000000000e+00
5.034199999999943032e+01 5.000000000000000000e+00
5.034299999999942798e+01 5.000000000000000000e+00
5.034399999999942565e+01 5.000000000000000000e+00
5.034499999999942332e+01 5.000000000000000000e+00
5.034599999999942099e+01 5.000000000000000000e+00
5.034699999999941866e+01 5.000000000000000000e+00
5.034799999999941633e+01 5.000000000000000000e+00
5.034899999999941400e+01 5.000000000000000000e+00
5.034999999999941167e+01 5.000000000000000000e+00
5.035099999999940934e+01 5.000000000000000000e+00
5.035199999999940701e+01 5.000000000000000000e+00
5.035299999999940468e+01 5.000000000000000000e+00
5.035399999999940235e+01 5.000000000000000000e+00
5.035499999999940002e+01 5.000000000000000000e+00
5.035599999999939769e+01 5.000000000000000000e+00
5.035699999999939536e+01 5.000000000000000000e+00
5.035799999999939303e+01 5.000000000000000000e+00
5.035899999999939070e+01 5.000000000000000000e+00
5.035999999999938836e+01 5.000000000000000000e+00
5.036099999999938603e+01 5.000000000000000000e+00
5.036199999999938370e+01 5.000000000000000000e+00
5.036299999999938137e+01 5.000000000000000000e+00
5.036399999999937904e+01 5.000000000000000000e+00
5.036499999999937671e+01 5.000000000000000000e+00
5.036599999999937438e+01 5.000000000000000000e+00
5.036699999999937205e+01 5.000000000000000000e+00
5.036799999999936972e+01 5.000000000000000000e+00
5.036899999999936739e+01 5.000000000000000000e+00
5.036999999999936506e+01 5.000000000000000000e+00
5.037099999999936273e+01 5.000000000000000000e+00
5.037199999999936040e+01 5.000000000000000000e+00
5.037299999999935807e+01 5.000000000000000000e+00
5.037399999999935574e+01 5.000000000000000000e+00
5.037499999999935341e+01 5.000000000000000000e+00
5.037599999999935108e+01 5.000000000000000000e+00
5.037699999999934874e+01 5.000000000000000000e+00
5.037799999999934641e+01 5.000000000000000000e+00
5.037899999999934408e+01 5.000000000000000000e+00
5.037999999999934175e+01 5.000000000000000000e+00
5.038099999999933942e+01 5.000000000000000000e+00
5.038199999999933709e+01 5.000000000000000000e+00
5.038299999999933476e+01 5.000000000000000000e+00
5.038399999999933243e+01 5.000000000000000000e+00
5.038499999999933010e+01 5.000000000000000000e+00
5.038599999999932777e+01 5.000000000000000000e+00
5.038699999999932544e+01 5.000000000000000000e+00
5.038799999999932311e+01 5.000000000000000000e+00
5.038899999999932078e+01 5.000000000000000000e+00
5.038999999999931845e+01 5.000000000000000000e+00
5.039099999999931612e+01 5.000000000000000000e+00
5.039199999999931379e+01 5.000000000000000000e+00
5.039299999999931146e+01 5.000000000000000000e+00
5.039399999999930913e+01 5.000000000000000000e+00
5.039499999999930679e+01 5.000000000000000000e+00
5.039599999999930446e+01 5.000000000000000000e+00
5.039699999999930213e+01 5.000000000000000000e+00
5.039799999999929980e+01 5.000000000000000000e+00
5.039899999999929747e+01 5.000000000000000000e+00
5.039999999999929514e+01 5.000000000000000000e+00
5.040099999999929281e+01 5.000000000000000000e+00
5.040199999999929048e+01 5.000000000000000000e+00
5.040299999999928815e+01 5.000000000000000000e+00
5.040399999999928582e+01 5.000000000000000000e+00
5.040499999999928349e+01 5.000000000000000000e+00
5.040599999999928116e+01 5.000000000000000000e+00
5.040699999999927883e+01 5.000000000000000000e+00
5.040799999999927650e+01 5.000000000000000000e+00
5.040899999999927417e+01 5.000000000000000000e+00
5.040999999999927184e+01 5.000000000000000000e+00
5.041099999999926951e+01 5.000000000000000000e+00
5.041199999999926717e+01 5.000000000000000000e+00
5.041299999999926484e+01 5.000000000000000000e+00
5.041399999999926251e+01 5.000000000000000000e+00
5.041499999999926018e+01 5.000000000000000000e+00
5.041599999999925785e+01 5.000000000000000000e+00
5.041699999999925552e+01 5.000000000000000000e+00
5.041799999999925319e+01 5.000000000000000000e+00
5.041899999999925086e+01 5.000000000000000000e+00
5.041999999999924853e+01 5.000000000000000000e+00
5.042099999999924620e+01 5.000000000000000000e+00
5.042199999999924387e+01 5.000000000000000000e+00
5.042299999999924154e+01 5.000000000000000000e+00
5.042399999999923921e+01 5.000000000000000000e+00
5.042499999999923688e+01 5.000000000000000000e+00
5.042599999999923455e+01 5.000000000000000000e+00
5.042699999999923222e+01 5.000000000000000000e+00
5.042799999999922989e+01 5.000000000000000000e+00
5.042899999999922755e+01 5.000000000000000000e+00
5.042999999999922522e+01 5.000000000000000000e+00
5.043099999999922289e+01 5.000000000000000000e+00
5.043199999999922056e+01 5.000000000000000000e+00
5.043299999999921823e+01 5.000000000000000000e+00
5.043399999999921590e+01 5.000000000000000000e+00
5.043499999999921357e+01 5.000000000000000000e+00
5.043599999999921124e+01 5.000000000000000000e+00
5.043699999999920891e+01 5.000000000000000000e+00
5.043799999999920658e+01 5.000000000000000000e+00
5.043899999999920425e+01 5.000000000000000000e+00
5.043999999999920192e+01 5.000000000000000000e+00
5.044099999999919959e+01 5.000000000000000000e+00
5.044199999999919726e+01 5.000000000000000000e+00
5.044299999999919493e+01 5.000000000000000000e+00
5.044399999999919260e+01 5.000000000000000000e+00
5.044499999999919027e+01 5.000000000000000000e+00
5.044599999999918793e+01 5.000000000000000000e+00
5.044699999999918560e+01 5.000000000000000000e+00
5.044799999999918327e+01 5.000000000000000000e+00
5.044899999999918094e+01 5.000000000000000000e+00
5.044999999999917861e+01 5.000000000000000000e+00
5.045099999999917628e+01 5.000000000000000000e+00
5.045199999999917395e+01 5.000000000000000000e+00
5.045299999999917162e+01 5.000000000000000000e+00
5.045399999999916929e+01 5.000000000000000000e+00
5.045499999999916696e+01 5.000000000000000000e+00
5.045599999999916463e+01 5.000000000000000000e+00
5.045699999999916230e+01 5.000000000000000000e+00
5.045799999999915997e+01 5.000000000000000000e+00
5.045899999999915764e+01 5.000000000000000000e+00
5.045999999999915531e+01 5.000000000000000000e+00
5.046099999999915298e+01 5.000000000000000000e+00
5.046199999999915065e+01 5.000000000000000000e+00
5.046299999999914832e+01 5.000000000000000000e+00
5.046399999999914598e+01 5.000000000000000000e+00
5.046499999999914365e+01 5.000000000000000000e+00
5.046599999999914132e+01 5.000000000000000000e+00
5.046699999999913899e+01 5.000000000000000000e+00
5.046799999999913666e+01 5.000000000000000000e+00
5.046899999999913433e+01 5.000000000000000000e+00
5.046999999999913200e+01 5.000000000000000000e+00
5.047099999999912967e+01 5.000000000000000000e+00
5.047199999999912734e+01 5.000000000000000000e+00
5.047299999999912501e+01 5.000000000000000000e+00
5.047399999999912268e+01 5.000000000000000000e+00
5.047499999999912035e+01 5.000000000000000000e+00
5.047599999999911802e+01 5.000000000000000000e+00
5.047699999999911569e+01 5.000000000000000000e+00
5.047799999999911336e+01 5.000000000000000000e+00
5.047899999999911103e+01 5.000000000000000000e+00
5.047999999999910870e+01 5.000000000000000000e+00
5.048099999999910636e+01 5.000000000000000000e+00
5.048199999999910403e+01 5.000000000000000000e+00
5.048299999999910170e+01 5.000000000000000000e+00
5.048399999999909937e+01 5.000000000000000000e+00
5.048499999999909704e+01 5.000000000000000000e+00
5.048599999999909471e+01 5.000000000000000000e+00
5.048699999999909238e+01 5.000000000000000000e+00
5.048799999999909005e+01 5.000000000000000000e+00
5.048899999999908772e+01 5.000000000000000000e+00
5.048999999999908539e+01 5.000000000000000000e+00
5.049099999999908306e+01 5.000000000000000000e+00
5.049199999999908073e+01 5.000000000000000000e+00
5.049299999999907840e+01 5.000000000000000000e+00
5.049399999999907607e+01 5.000000000000000000e+00
5.049499999999907374e+01 5.000000000000000000e+00
5.049599999999907141e+01 5.000000000000000000e+00
5.049699999999906908e+01 5.000000000000000000e+00
5.049799999999906674e+01 5.000000000000000000e+00
5.049899999999906441e+01 5.000000000000000000e+00
5.049999999999906208e+01 1.000000000000000062e-09
