6.068198019844782 0.0001448715144006643
6.070516290306409 0.00010192436161337104
6.072834894332131 0.28045810805649635
6.075153164793758 0.7557079656739926
6.0774714352553865 0.6833701426909291
6.079789705717013 0.6193355367003232
6.082108309742735 0.6022128247097431
6.0844265802043624 0.6995697146517488
6.08674485066599 0.7314421780819943
6.089063121127617 0.5066324464172564
6.091381725153338 0.00011364622126064897
6.0936999956149664 0.00015646204417499375
6.096018266076594 0.00017291194659935173
6.098336536538221 0.00013398031668984174
6.100654806999848 0.0002455251584571863
6.10297341102557 0.00019934851278038008
6.105291681487197 0.00016099003692788473
6.107609951948825 0.0001690363085753952
6.109928222410452 0.00015624171594438266
6.1122468264361745 0.00011627731640055239
6.114565096897801 0.00018982351016883008
6.116883367359428 0.0001636108119814867
6.119201637821055 0.00017800860632480594
6.121520241846778 0.00018932806662457898
6.123838512308406 0.00018109647626886503
6.126156782770032 0.00017359651406414537
6.128475386795754 0.0001514973373715472
6.130793657257382 0.00010582590715568473
6.133111927719009 0.00016340825790305634
6.135430198180636 0.00014574242786914092
6.1377488022063575 0.00014006673331440618
6.140067072667986 0.6227976999370765
6.142385343129613 0.9458363486279641
6.14470361359124 0.9421911053218632
6.147021884052867 0.8373383841243175
6.149340488078589 0.755420906695199
6.151658758540216 0.7683427541195506
6.153977029001844 0.7406056143395366
6.156295299463471 0.22428952955031317
6.158613903489193 0.00014145522700820563
6.16093217395082 0.00015279354247250027
