1.9039171425720123 0.001689475895952742
1.9042707205129221 0.0020895992321117995
1.9046242984538324 0.0018194913698658186
1.9049778763947423 0.001594189704248576
1.9053314543356523 0.008450297520818644
1.9056850322765624 0.657476144882409
1.9060386102174725 0.7367395763250044
1.9063921881583825 0.6760129257850517
1.9067457660992924 0.5868160720004296
1.9070993440402026 0.5800427461511429
1.9074529219811125 0.6751713417623714
1.9078061663579273 0.7868645865673946
1.9081597442988376 0.8520616130928704
1.9085133222397475 0.850497419001116
1.9088669001806577 0.7998766149166436
1.9092204781215676 0.674852715878081
1.9095740560624777 0.5883151062888615
1.9099276340033877 0.6987020218757031
1.9102812119442978 0.9182184184790094
1.9106347898852079 0.4619213119259527
1.910988367826118 0.002107856299210034
1.9113419457670278 0.144554627860798
1.911695523707938 0.9107202640803792
1.912049101648848 0.69863928067931
1.912402679589758 0.5782185229891199
1.912756257530668 0.6549874821281523
1.9131098354715779 0.7805900299958316
1.9134634134124882 0.8277172382108992
1.913816991353398 0.832944375610884
1.9141705692943083 0.7737114073468642
1.9145241472352181 0.6642261968143
1.914877391612033 0.57244662602291
1.9152309695529433 0.5747275290018661
1.915584547493853 0.6612520021356676
1.9159381254347634 0.7212320207862775
1.9162917033756732 0.6521267272163638
1.9166452813165833 0.009886077256292997
1.9169988592574934 0.002056340362163248
1.9173524371984034 0.0026910328542162775
1.9177060151393135 0.001984865120226081
1.9180595930802236 0.001756228416750336
