1.842939625652624 7.422872484663723e-06
1.8429479642213016 6.8131037118834796e-06
1.842956302789979 7.161912322626255e-06
1.8429646413586562 7.004191314208906e-06
1.8429729799273338 7.53444036858226e-06
1.8429813227656313 8.507853441005685e-06
1.8429896613343089 5.902554422036319e-06
1.8429979999029862 7.699951683101792e-06
1.8430063384716635 6.863458309435823e-06
1.843014677040341 7.14820501746613e-06
1.8430230156090184 7.499805490638614e-06
1.843031354177696 7.398505483065642e-06
1.8430396970159937 7.096643679965976e-06
1.843048035584671 6.304229283961928e-06
1.8430563741533486 8.113644964503534e-06
1.8430647127220259 8.046759103289663e-06
1.8430730512907032 6.973663699988939e-06
1.8430813898593807 7.66891633843248e-06
1.843089728428058 7.146476994584778e-06
1.8430980669967354 6.969409772631381e-06
1.843106405565413 8.122804486116588e-06
1.8431147484037107 6.860598436309953e-06
1.8431230869723882 7.213831601473055e-06
1.8431314255410656 6.47653922255982e-06
1.843139764109743 5.790632453392632e-06
1.8431481026784204 8.46757398579266e-06
1.8431564412470978 7.849156710958635e-06
1.843164779815775 7.015667533490601e-06
1.8431731226540728 7.1783891778430246e-06
1.8431814612227502 7.1088442625672294e-06
1.8431897997914277 6.532162799275257e-06
1.843198138360105 6.883590079212668e-06
1.8432064769287824 7.88742059312977e-06
1.84321481549746 6.652486470843829e-06
1.8432231540661372 6.680315900645661e-06
1.8432314926348146 7.66448537754772e-06
1.843239831203492 7.63194092403669e-06
1.84324817404179 6.656225092529505e-06
1.8432565126104674 7.821391048753083e-06
1.8432648511791447 8.239331944948664e-06
1.8432731897478223 6.748465002834907e-06
1.8432815283164996 6.5447189293488486e-06
1.843289866885177 7.3242810355532745e-06
1.8432982054538545 6.881894332563812e-06
1.8433065482921522 8.702739821916927e-06
1.8433148868608298 6.992041543300544e-06
1.843323225429507 6.736293483022453e-06
1.8433315639981844 7.71581844425294e-06
1.843339902566862 6.502838974588807e-06
1.8433482411355393 7.046541272650196e-06
1.8433565797042166 7.098637516368167e-06
1.8433649182728942 6.779224247239409e-06
1.8433732568415715 7.855430669940769e-06
1.8433815996798693 7.780920893782385e-06
1.8433899382485466 7.376392201124482e-06
1.843398276817224 6.6817004237227455e-06
1.8434066153859014 6.769896045992545e-06
1.8434149539545788 8.216786449377198e-06
1.843423292523256 7.58602029075162e-06
1.8434316310919336 6.609947346535679e-06
1.8434399739302314 7.4791113654076496e-06
1.843448312498909 7.624037082548034e-06
1.8434566510675863 8.202287731171068e-06
1.8434649896362636 8.018239052765998e-06
1.8434733282049411 6.691169014359699e-06
1.8434816667736185 7.708910436687159e-06
1.8434900053422958 7.483107772110911e-06
1.8434983439109733 7.2017161500691886e-06
1.8435066824796507 7.083469039084731e-06
1.8435150253179486 8.725855162412914e-06
1.843523363886626 7.186641815138202e-06
1.8435317024553033 7.348082099560829e-06
1.8435400410239808 7.557131859377109e-06
1.8435483795926582 6.859777035678098e-06
1.8435567181613355 7.763400656952236e-06
1.843565056730013 6.300717384614856e-06
1.8435733995683106 7.129433131050512e-06
1.8435817381369881 8.591796855196246e-06
1.8435900767056654 7.587697351995153e-06
1.8435984152743428 7.57117003892845e-06
1.8436067538430203 7.632714183716693e-06
1.8436150924116976 7.123656995664271e-06
1.843623430980375 6.415093638850517e-06
1.8436317695490525 7.468854515921535e-06
1.8436401081177298 6.710316427935309e-06
1.8436484509560278 7.167603947847535e-06
1.8436567895247051 7.03088508908648e-06
1.8436651280933827 6.138793152314965e-06
1.84367346666206 7.019723402461616e-06
1.8436818052307373 6.156586702927135e-06
1.8436901437994149 7.339373678023982e-06
1.8436984823680922 7.1642379187948215e-06
1.8437068252063902 7.238590358185742e-06
1.8437151637750675 8.21402461553765e-06
1.8437235023437448 7.080859873305751e-06
1.8437318409124224 7.4682354253504954e-06
1.8437401794810997 7.541799805084759e-06
1.843748518049777 7.5064051278957775e-06
1.8437568566184546 6.8438108822089765e-06
1.8437651951871319 8.16766656688866e-06
1.8437735337558092 7.73868198430469e-06
1.843781876594107 6.645107330857497e-06
1.8437902151627843 7.5779197186878615e-06
1.8437985537314618 7.611793538216671e-06
1.8438068923001392 7.022617267165185e-06
1.8438152308688165 6.580774358922672e-06
1.843823569437494 7.604068141390625e-06
1.8438319080061714 7.669463766275632e-06
1.8438402508444693 8.989137012540266e-06
1.8438485894131467 7.656265759704898e-06
1.843856927981824 7.1056694402664525e-06
1.8438652665505015 8.362478226522848e-06
1.8438736051191789 7.217038132903853e-06
1.8438819436878562 7.766708401181096e-06
1.8438902822565337 8.280146103585599e-06
1.843898620825211 7.591769261475329e-06
1.8439069593938884 7.184474373131848e-06
1.8439153022321864 8.140086126813355e-06
1.8439236408008637 8.249488092415433e-06
1.8439319793695412 7.98125156930161e-06
1.8439403179382186 8.217562199843973e-06
1.8439486565068959 8.032671377133152e-06
1.8439569950755734 8.156089822687268e-06
1.8439653336442507 8.415985915489917e-06
1.8439736764825485 7.411736994843952e-06
1.8439820150512258 7.723443964851177e-06
1.8439903536199032 8.876014438053136e-06
1.8439986921885807 7.18450745893522e-06
1.844007030757258 7.287440132797409e-06
1.8440153693259353 6.928751729409509e-06
1.844023707894613 7.74847078671104e-06
1.8440320464632902 7.834061922427758e-06
1.8440403850319675 7.606905130742535e-06
1.8440487278702655 7.750915459607687e-06
1.844057066438943 6.9077879904063564e-06
1.8440654050076204 8.38544278427571e-06
1.8440737435762977 8.327449352602459e-06
1.8440820821449753 6.519630758303701e-06
1.8440904207136526 8.777301164241253e-06
1.84409875928233 8.97203584491831e-06
1.844107102120628 8.0545633196586e-06
1.8441154406893052 7.406704188576345e-06
1.8441237792579828 8.480686319851206e-06
1.84413211782666 7.101204179329404e-06
1.8441404563953374 8.776129034508485e-06
1.844148794964015 7.787983092365864e-06
1.8441571335326923 8.913432910688933e-06
1.8441654721013696 8.682724075757605e-06
1.8441738106700472 9.470436577523401e-06
1.8441821535083447 9.606849784504392e-06
1.8441904920770222 8.850463187069002e-06
1.8441988306456996 8.485999464013372e-06
1.8442071692143769 9.62859678022469e-06
1.8442155077830544 8.780676963881135e-06
1.8442238463517318 7.3377346064297375e-06
1.844232184920409 8.23407844218422e-06
1.844240527758707 9.786333238103633e-06
1.8442488663273844 1.098393615841646e-05
1.844257204896062 1.0510200475431226e-05
1.8442655434647393 9.870132890335043e-06
1.8442738820334166 9.831210611933658e-06
1.8442822206020941 9.073691302929504e-06
1.8442905591707714 7.896561098287106e-06
1.8442988977394488 1.0818623322369194e-05
1.8443072363081263 1.0405525072375561e-05
1.8443155791464243 1.1237559390664738e-05
1.8443239177151016 1.1879167334133503e-05
1.844332256283779 1.0458321779914919e-05
1.8443405948524563 1.3847201118574314e-05
1.8443489334211338 1.1389089347282908e-05
1.8443572719898111 1.175395435895728e-05
1.8443656105584885 9.532877230913357e-06
1.8443739533967862 1.2148957142024765e-05
1.8443822919654638 1.3695188050883313e-05
1.844390630534141 1.3224126652894297e-05
1.8443989691028184 1.1366139971967442e-05
1.844407307671496 1.2373597933780115e-05
1.8444156462401733 1.3271163509464722e-05
1.8444239848088506 1.365070244170479e-05
1.844432323377528 1.3240030940395377e-05
1.8444406619462055 1.2362889855258169e-05
1.8444490047845035 1.4456561230605214e-05
1.8444573433531808 1.5546835380187297e-05
1.8444656819218581 1.602005489785242e-05
1.8444740204905357 1.5002650772508418e-05
1.844482359059213 1.4204239944760965e-05
1.8444906976278903 1.5820711099532784e-05
1.8444990361965679 1.767368051340378e-05
1.8445073790348654 1.6853883981266136e-05
1.844515717603543 1.7866809216779585e-05
1.8445240561722203 1.8914288105737667e-05
1.8445323947408978 1.704551000753855e-05
1.8445407333095754 1.9178560196080318e-05
1.8445490718782527 1.9445315770296315e-05
1.84455741044693 2.0121020336224017e-05
1.8445657490156075 1.7905852390422306e-05
1.8445740875842849 2.1080067636533308e-05
1.8445824304225826 2.107972786872502e-05
1.84459076899126 2.2125138602107204e-05
1.8445991075599373 2.522371205409841e-05
1.8446074461286148 2.2776028626981794e-05
1.8446157846972921 2.4755231955049138e-05
1.8446241232659695 2.8090793034918936e-05
1.844632461834647 3.001670382093269e-05
1.8446408046729448 3.0290538903530873e-05
1.8446491432416223 3.160028503658671e-05
1.8446574818102996 3.1817789184376733e-05
1.844665820378977 3.2879333096193994e-05
1.8446741589476545 3.6454655628752325e-05
1.8446824975163318 3.6672371881523714e-05
1.8446908360850092 4.090100693861198e-05
1.8446991746536867 3.94234838312415e-05
1.844707513222364 4.6490155627262634e-05
1.8447158560606618 4.5125808910041413e-05
1.8447241946293391 4.752268828112652e-05
1.8447325331980164 5.392920274469114e-05
1.8447408717666942 4.794231488220311e-05
1.8447492103353715 5.249947978226114e-05
1.844757548904049 5.396410765417977e-05
1.8447658874727264 5.489452101819034e-05
1.8447742303110242 5.8799414286801646e-05
1.8447825688797015 6.11620452882856e-05
1.8447909074483788 6.271219473213811e-05
1.8447992460170564 5.853491607271971e-05
1.8448075845857337 7.204635272831945e-05
1.844815923154411 8.06113139253307e-05
1.8448242617230886 8.122710969412302e-05
1.8448326002917659 8.507206993701522e-05
1.8448409388604432 0.0001004273493031432
1.8448492816987412 9.634784382627625e-05
1.8448576202674185 9.850403028789458e-05
1.844865958836096 0.00010464367902054198
1.8448742974047734 0.0001085615411546597
1.8448826359734507 0.00010926624033469059
1.8448909745421282 0.00011867876000065737
1.8448993131108056 0.00013021259679279104
1.8449076559491033 0.00013955872721526253
1.8449159945177807 0.00014119132049665017
1.844924333086458 0.00015131744513724116
1.8449326716551355 0.00016180763118803828
1.8449410102238128 0.0001629479871055545
1.8449493487924902 0.0001690378654645017
1.844957687361168 0.00018620828490537226
1.8449660259298453 0.0001922640117546343
1.8449743644985226 0.00019711696330907305
1.8449827073368203 0.00019987247945367194
1.8449910459054977 0.00021940221109479784
1.8449993844741752 0.00021991406179232514
1.8450077230428525 0.00023281931118292778
1.8450160616115299 0.00023977781592431665
1.8450244001802074 0.0002459988064638274
1.8450327387488847 0.00026955475669189954
1.8450410815871827 0.0002659732744457246
1.84504942015586 0.0002759211554380819
1.8450577587245374 0.0002940918572334669
1.845066097293215 0.0003152354134009849
1.8450744358618922 0.0003126216133326883
1.8450827744305696 0.00033391813030521036
1.845091112999247 0.0003494572057638188
1.8450994515679244 0.00036609601368616125
1.8451077901366018 0.00037322523486061395
1.8451161329748995 0.00041101341786344985
1.8451244715435768 0.000429226967467153
1.8451328101122544 0.00043773270909206927
1.8451411486809317 0.0004763706543669682
1.845149487249609 0.0004888695641842471
1.8451578258182866 0.0005126594886481543
1.845166164386964 0.0005292928166980271
1.8451745072252619 0.0005832194513457575
1.8451828457939392 0.0005782411571870897
1.8451911843626168 0.0006226242046985167
1.845199522931294 0.0006824989695387286
1.8452078614999714 0.000684135300439528
1.845216200068649 0.0007211024979661069
1.8452245386373263 0.0007761059268424899
1.8452328772060036 0.0008086656578025143
1.8452412157746811 0.0008611880602220413
1.845249558612979 0.0009310864361635197
1.8452578971816564 0.0009436066654623333
1.8452662357503338 0.0009855893455014521
1.845274574319011 0.0010610747990753868
1.8452829128876886 0.0011148642774704808
1.845291251456366 0.0011827528412522844
1.8452995900250433 0.0013300776627378382
1.845307932863341 0.0013120639407263822
1.8453162714320184 0.0014308068148456339
1.845324610000696 0.0014359886259529772
1.8453329485693732 0.0015522118691823471
1.8453412871380506 0.0016215113764126846
1.8453496257067281 0.001706420264844866
1.8453579642754054 0.001797057610301916
1.8453663028440828 0.0019904762498698767
1.8453746414127603 0.0020162018086776713
1.845382984251058 0.0020677641431168466
1.8453913228197356 0.0022746574304691913
1.845399661388413 0.0024529460700198308
1.8454079999570903 0.002570496400173344
1.8454163385257678 0.0028565313846034136
1.8454246770944451 0.00293657434287557
1.8454330156631225 0.0030207654124125237
1.8454413585014204 0.003222322471856304
1.8454496970700978 0.0036161879942869304
1.8454580356387753 0.0035730163210106612
1.8454663742074526 0.0040368071277165135
1.84547471277613 0.00426830062437342
1.8454830513448075 0.004744178270385702
1.8454913899134848 0.004744680795210226
1.8454997284821621 0.005199373304266579
1.8455080670508397 0.0053821896902380905
1.8455164098891375 0.005931438065855842
1.8455247484578148 0.006604516051223488
1.845533087026492 0.006836896414903607
1.8455414255951694 0.006996405942692725
1.845549764163847 0.007621439386066121
1.8455581027325243 0.008113999937069336
1.8455664413012016 0.008631693286798851
1.8455747841394996 0.009436827142391508
1.8455831227081771 0.009999055984672937
1.8455914612768545 0.010963721624277856
1.8455997998455318 0.011421785502682644
1.8456081384142093 0.012666423368581701
1.8456164769828867 0.01360889928445877
1.845624815551564 0.014388217691358469
1.8456331541202415 0.016477791376426965
1.8456414926889189 0.017086574322654285
1.8456498355272168 0.01798415346956495
1.8456581740958942 0.019196453445990563
1.8456665126645715 0.020570886122537674
1.845674851233249 0.02168637683227463
1.8456831898019264 0.02455585159346032
1.8456915283706037 0.026014650761234236
1.8456998669392812 0.027802701693290344
1.8457082097775788 0.02839644674096493
1.8457165483462563 0.0316383626660865
1.8457248869149336 0.03310396392118174
1.845733225483611 0.037041537086911755
1.8457415640522885 0.04048629171525945
1.8457499026209658 0.04478700280938743
1.8457582411896432 0.047300529236260117
1.8457665797583207 0.04860097702857236
1.845774918326998 0.05536521617891048
1.845783261165296 0.05921067335646603
1.8457915997339733 0.06431110918491112
1.8457999383026507 0.06669695392854164
1.8458082768713282 0.0765811704984807
1.8458166154400055 0.07918683771708912
1.8458249540086828 0.08316048241222966
1.8458332925773604 0.09058702560991211
1.8458416354156584 0.09662822457839931
1.8458499739843357 0.10594586228263413
1.845858312553013 0.11431704769045015
1.8458666511216906 0.11937764302704319
1.845874989690368 0.12826731387352608
1.8458833282590452 0.13530691741954187
1.8458916668277225 0.15218330095601235
1.8459000053964 0.16042978445287648
1.8459083439650774 0.1625571213691613
1.8459166868033752 0.17540864753494642
1.8459250253720525 0.18577745110631083
1.84593336394073 0.20037521437492906
1.8459417025094074 0.20991815469188752
1.8459500410780847 0.22298004563182033
1.8459583796467622 0.24164065262221238
1.8459667182154396 0.26054935356535147
1.8459750610537375 0.27338016418532873
1.8459833996224149 0.2724971723205571
1.8459917381910922 0.29774055940434996
1.8460000767597697 0.3118530529330035
1.846008415328447 0.3288955519228022
1.8460167538971244 0.33434204924141886
1.846025092465802 0.36648229632256335
1.8460334310344793 0.36713602375072885
1.8460417696031566 0.3968158400990076
1.8460501124414546 0.40529383718589335
1.8460584510101319 0.41495117624328454
1.8460667895788094 0.4335977301112219
1.8460751281474868 0.4386347147966571
1.846083466716164 0.4668732593753727
1.8460918052848416 0.48001189543949124
1.846100143853519 0.4888402978022584
1.8461084866918167 0.4885117341266153
1.846116825260494 0.5131826912966436
1.8461251638291714 0.5051298112156641
1.846133502397849 0.5035933655705461
1.8461418409665262 0.5174280877540813
1.8461501795352036 0.548265602949287
1.846158518103881 0.550336097659143
1.8461668566725584 0.5312647488384524
1.8461751952412357 0.5431315108777183
1.8461835380795337 0.5516365072231082
1.846191876648211 0.5599793343958048
1.8462002152168886 0.5579701938155583
1.846208553785566 0.5712799736038295
1.8462168923542432 0.5782611292740231
1.8462252309229208 0.6013758724961789
1.8462335694915981 0.6026941832428792
1.846241912329896 0.6176721215130104
1.8462502508985734 0.60230712403861
1.846258589467251 0.5945919155979709
1.8462669280359283 0.6202046242270616
1.8462752666046056 0.6352943603160472
1.8462836051732832 0.603851292203274
1.8462919437419605 0.6456319293127142
1.8463002823106378 0.6296236026225622
1.8463086208793154 0.6415108410166521
1.846316963717613 0.627168157076507
1.8463253022862904 0.6359485771741594
1.8463336408549678 0.6327220942370473
1.846341979423645 0.6357640988964727
1.8463503179923226 0.6188779364735701
1.846358656561 0.6644633019108396
1.8463669951296773 0.6448281672905443
1.8463753379679753 0.6316129124858282
1.8463836765366526 0.6582062472372996
1.8463920151053301 0.629646799240602
1.8464003536740075 0.6616358059049574
1.8464086922426848 0.6271118393913098
1.8464170308113623 0.6391826824397149
1.8464253693800396 0.6526194305976564
1.846433707948717 0.6218977706817955
1.8464420465173945 0.644385857083764
1.8464503893556923 0.646143530027549
1.8464587279243698 0.6295003849176874
1.8464670664930471 0.6241615335209542
1.8464754050617245 0.6452767242925267
1.846483743630402 0.6226141692629069
1.8464920821990793 0.646561737237824
1.8465004207677567 0.6337967385102541
1.8465087636060544 0.658677760146007
1.8465171021747318 0.633757336720171
1.8465254407434093 0.6361433623184349
1.8465337793120866 0.6675226399775104
1.846542117880764 0.6510479863572348
1.8465504564494415 0.6511859175579581
1.8465587950181188 0.6587717998770951
1.8465671335867961 0.6294800925499305
1.8465754721554737 0.6732757928486011
1.8465838149937714 0.6652425199461283
1.846592153562449 0.6486448883843372
1.8466004921311263 0.6521717760907039
1.8466088306998036 0.6769397239994531
1.8466171692684812 0.6617196022118216
1.8466255078371585 0.629059897729564
1.8466338464058358 0.6630281995940297
1.8466421892441336 0.6401429987944673
1.846650527812811 0.6488764315086782
1.8466588663814885 0.6530719036225796
1.846667204950166 0.6398909971923198
1.8466755435188436 0.6491663503379342
1.8466838820875209 0.670446302511547
1.8466922206561982 0.658685343497618
1.8467005592248757 0.6555306464082853
1.846708897793553 0.6539130431198596
1.8467172406318508 0.6608638559029114
1.8467255792005282 0.6485806684814546
1.8467339177692055 0.6896170652624978
1.846742256337883 0.6503917144445268
1.8467505949065603 0.6524736838326743
1.8467589334752377 0.6662389207881654
1.8467672720439152 0.6535186711982314
1.846775614882213 0.6417132402008392
1.8467839534508905 0.6693834953891952
1.8467922920195678 0.6660257189273819
1.8468006305882452 0.6564595942729322
1.8468089691569227 0.6641466708337582
1.8468173077256 0.6458252191598619
1.8468256462942774 0.65226038128876
1.846833984862955 0.6577441588685883
1.8468423234316322 0.662495602702539
1.84685066626993 0.6707489476930216
1.8468590048386073 0.6569903642107779
1.8468673434072846 0.6317670916031651
1.8468756819759622 0.6717798916690015
1.8468840205446397 0.6682377406102787
1.846892359113317 0.6440684121017116
1.8469006976819946 0.6751386951228776
1.8469090405202921 0.704127003544565
1.8469173790889697 0.658582217395755
1.846925717657647 0.6599666652637179
1.8469340562263243 0.6750827331277187
1.8469423947950019 0.6947107192425753
1.8469507333636792 0.6495910012258318
1.8469590719323565 0.6777164074569407
1.846967410501034 0.6734168826368975
1.8469757490697114 0.6672168415351594
1.8469840919080094 0.6676932718547062
1.8469924304766867 0.6566909027886334
1.847000769045364 0.6764535807136138
1.8470091076140416 0.6686379156927885
1.847017446182719 0.6703367045345346
1.8470257847513962 0.6771798081064935
1.8470341233200738 0.6850448409221687
1.8470424661583715 0.6799124598757994
1.8470508047270489 0.6940807506102382
1.8470591432957262 0.6928017882413865
1.8470674818644037 0.684838236084664
1.847075820433081 0.6751542409448051
1.8470841590017584 0.6818471035804285
1.8470924975704361 0.6787596233481046
1.8471008361391135 0.6752615168727494
1.8471091747077908 0.6755196708256219
1.8471175175460885 0.6584548486197177
1.8471258561147659 0.6781878422597947
1.8471341946834434 0.7184011187882754
1.8471425332521207 0.6910890311913952
1.847150871820798 0.695852192568557
1.8471592103894756 0.677476133106521
1.847167548958153 0.7095630633470366
1.847175891796451 0.6730727374754784
1.8471842303651282 0.6731657323342958
1.8471925689338056 0.6590964917859966
1.8472009075024831 0.6742516221893057
1.8472092460711604 0.6581698744208964
1.8472175846398378 0.6673766383170959
1.8472259232085153 0.6758712920912066
1.8472342617771926 0.6979527134325512
1.84724260034587 0.6621814340038605
1.8472509431841677 0.6835117739770563
1.847259281752845 0.6816289069745005
1.8472676203215226 0.6800095312948737
1.8472759588902 0.6799735193128422
1.8472842974588772 0.6745777305908257
1.8472926360275548 0.6966794495021832
1.847300974596232 0.678598663551561
1.84730931743453 0.6937691754667412
1.8473176560032074 0.6944020591363737
1.8473259945718847 0.6947475117193807
1.8473343331405623 0.6979816417512802
1.8473426717092396 0.6618552223542382
1.847351010277917 0.7220961009956004
1.8473593488465945 0.6672030147664506
1.8473676874152718 0.6866509100750218
1.8473760259839491 0.6848776596771917
1.847384368822247 0.685024335366569
1.8473927073909246 0.6607360458615373
1.847401045959602 0.6995085062153359
1.8474093845282793 0.6848287747601381
1.8474177230969568 0.686576603704836
1.8474260616656342 0.6837888266595643
1.8474344002343115 0.677711725974018
1.8474427430726093 0.7075807349228753
1.8474510816412866 0.6629885071321159
1.8474594202099641 0.6894090814734102
1.8474677587786414 0.6924317925397476
1.8474760973473188 0.6828322114018791
1.8474844359159963 0.6758012644169865
1.8474927744846736 0.6966762411821401
1.847501113053351 0.6934816917858101
1.8475094516220285 0.6869308168807006
1.8475177944603263 0.7026709513006396
1.8475261330290038 0.6960525037549626
1.8475344715976811 0.6913484603550919
1.8475428101663585 0.6914137308710219
1.847551148735036 0.7059110821984093
1.8475594873037133 0.6962689046032896
1.8475678258723907 0.6917035426814294
1.8475761687106886 0.7068707319025322
1.847584507279366 0.675385916098199
1.8475928458480435 0.6741414021560063
1.8476011844167208 0.6946003535024934
1.8476095229853982 0.6853256710476726
1.8476178615540757 0.730317992026438
1.847626200122753 0.7184375116635949
1.8476345386914304 0.7176918260745511
1.847642877260108 0.6975398120677716
1.8476512200984054 0.6834378073105024
1.847659558667083 0.6840959195794031
1.8476678972357603 0.6853225150135912
1.8476762358044376 0.716206074237709
1.8476845743731152 0.6988838422859779
1.8476929129417925 0.6663631921930946
1.8477012515104698 0.7059370894028351
1.8477095943487678 0.6900888334440216
1.8477179329174451 0.7177414041819006
1.8477262714861227 0.7047303901177749
1.8477346100548 0.7004255825492005
1.8477429486234773 0.6946979223160709
1.8477512871921549 0.6575306473530441
1.8477596257608322 0.7114723062081788
1.8477679643295095 0.6969859121569913
1.847776302898187 0.7179232198788336
1.847784645736485 0.6933092587615279
1.8477929843051624 0.705452862447768
1.8478013228738397 0.7144124263837971
1.8478096614425172 0.6757343558629455
1.8478180000111946 0.6768836127176795
1.8478263385798719 0.6878187332859731
1.8478346771485494 0.6914089547706679
1.847843019986847 0.6760518413372587
1.8478513585555245 0.7113903996468741
1.8478596971242018 0.6906197596549004
1.8478680356928792 0.7194854239616343
1.8478763742615567 0.7102185314715435
1.847884712830234 0.6766296115017398
1.8478930513989114 0.6899680809021486
1.847901389967589 0.6993474569716438
1.8479097285362662 0.6968992545985332
1.8479180713745642 0.7033232916628442
1.8479264099432415 0.7161401122582146
1.8479347485119189 0.7044302542351796
1.8479430870805964 0.7056770604698915
1.8479514256492737 0.6775978198564702
1.847959764217951 0.6949683075036138
1.8479681027866286 0.68212348151026
1.8479764456249264 0.6743075152882803
1.847984784193604 0.7397023526613069
1.8479931227622812 0.7036683216138429
1.8480014613309586 0.7100076041195046
1.848009799899636 0.6827960499362011
1.8480181384683134 0.6989095905925488
1.8480264770369907 0.7129252555946444
1.8480348156056683 0.7145127781508178
1.8480431541743456 0.72613438064426
1.8480514970126434 0.6744581392006165
1.8480598355813207 0.7095107827345172
1.848068174149998 0.675152686346504
1.8480765127186756 0.6999548062957857
1.848084851287353 0.7248647823320639
1.8480931898560302 0.7019400139695788
1.8481015284247078 0.731304086074955
1.8481098712630055 0.70325527755914
1.848118209831683 0.7303213552728243
1.8481265484003604 0.7067161239621055
1.8481348869690377 0.7147925213987124
1.8481432255377153 0.7021259103913475
1.8481515641063926 0.7018899111827896
1.84815990267507 0.6817576188272203
1.8481682412437475 0.7076540556397761
1.8481765798124248 0.7303970324114089
1.8481849226507228 0.7147217524662403
1.8481932612194 0.6893201915123385
1.8482015997880776 0.7227498330103704
1.848209938356755 0.7003530107813446
1.8482182769254323 0.7151777588947406
1.8482266154941098 0.71793644463507
1.8482349540627871 0.7094764756759856
1.848243296901085 0.7181943760790065
1.8482516354697622 0.6891027768858893
1.8482599740384396 0.7201732732652534
1.848268312607117 0.7425317013857133
1.8482766511757944 0.7174291192739007
1.8482849897444718 0.7251385603275015
1.8482933283131493 0.7089310530296288
1.8483016668818266 0.7237723701617945
1.848310005450504 0.6973358615035085
1.848318348288802 0.7176439038260702
1.8483266868574793 0.745411347855143
1.8483350254261568 0.7122328490618589
1.8483433639948341 0.7344056341685465
1.8483517025635114 0.7194638874906123
1.848360041132189 0.7342433130889131
1.8483683797008663 0.7284705513994367
1.8483767225391643 0.7178868530552673
1.8483850611078416 0.6988162574943323
1.848393399676519 0.7259053546603055
1.8484017382451965 0.6856571355213958
1.8484100768138738 0.717016252719018
1.8484184153825511 0.7452586063042075
1.8484267539512287 0.7097362703930581
1.848435092519906 0.7130992833645979
1.8484434310885833 0.7166613775167655
1.848451773926881 0.7225135562350524
1.8484601124955584 0.7310027318929204
1.848468451064236 0.7212320207862768
1.8484767896329133 0.7263015985152279
1.8484851282015906 0.7163297693253461
1.8484934667702682 0.7814280562529973
1.8485018053389455 0.6952516048183718
1.8485101481772435 0.7170261587330559
1.8485184867459208 0.7191044892662858
1.8485268253145983 0.737391284137475
1.8485351638832757 0.6956199038099983
1.848543502451953 0.7313764969247795
1.8485518410206305 0.7262832026646254
1.8485601795893079 0.7229162714707159
1.8485685181579852 0.7372860214682473
1.8485768567266625 0.7311643365688387
1.8485851995649603 0.7430909976925855
1.848593538133638 0.7211290648532821
1.8486018767023153 0.7311340329709984
1.8486102152709927 0.7142232769566569
1.8486185538396702 0.7144255864682318
1.8486268924083475 0.7402526998103411
1.8486352309770249 0.7217520066482409
1.8486435738153226 0.7413921784645735
1.848651912384 0.7298052781909307
1.8486602509526775 0.7476322036641093
1.8486685895213548 0.7185847562024065
1.8486769280900321 0.7263233396666592
1.8486852666587097 0.7278384590228001
1.848693605227387 0.7168478714177535
1.8487019437960643 0.7446462384043464
1.8487102823647419 0.7194804539495638
1.8487186252030396 0.7422428111281748
1.8487269637717172 0.7394639392256085
1.8487353023403945 0.7260875665397734
1.8487436409090718 0.7182787199181117
1.8487519794777494 0.7509897335567447
1.8487603180464267 0.7039746166765536
1.848768656615104 0.7330405509991684
1.8487769994534018 0.714405846432485
1.8487853380220791 0.7385858787756727
1.8487936765907567 0.731839759150921
1.8488020151594342 0.7251068368498972
1.8488103537281115 0.7285963646701401
1.848818692296789 0.7236223964297356
1.8488270308654664 0.7216107593611674
1.8488353694341437 0.7388886577364673
1.8488437080028213 0.7319931214398718
1.8488520508411188 0.7199080004943609
1.8488603894097964 0.7313074538624842
1.8488687279784737 0.7759969244515802
1.848877066547151 0.7772290060070894
1.8488854051158286 0.7512145655147353
1.8488937436845059 0.729758227422562
1.8489020822531832 0.7253489721971346
1.8489104250914812 0.7714272928478638
1.8489187636601587 0.7456224916396884
1.848927102228836 0.7597015281597165
1.8489354407975134 0.7441148985507535
1.848943779366191 0.7499477387949629
1.8489521179348682 0.745759853029491
1.8489604565035456 0.7545777584317604
1.8489687950722231 0.7191740361987711
1.8489771336409004 0.7512785684531095
1.8489854764791982 0.752904685735626
1.8489938150478755 0.7423385256239914
1.8490021536165528 0.7634946531786746
1.8490104921852304 0.7526117597525911
1.849018830753908 0.7448348695380879
1.8490271693225853 0.7453856027038822
1.8490355078912628 0.754015025010623
1.8490438507295603 0.7338004943542614
1.849052189298238 0.7773811399478713
1.8490605278669152 0.7459590719943678
1.8490688664355925 0.7629481073462754
1.84907720500427 0.7337734606429737
1.8490855435729474 0.7876694471852776
1.8490938821416247 0.721986371944228
1.8491022207103023 0.7597557576949788
1.8491105592789796 0.7399374354191435
1.8491189021172776 0.7504625072924018
1.849127240685955 0.7825948759044586
1.8491355792546322 0.7769856536266296
1.8491439178233098 0.751799443668418
1.849152256391987 0.7521422760871609
1.8491605949606644 0.7826597502798628
1.849168933529342 0.745265470421248
1.8491772763676395 0.7439041816832003
1.849185614936317 0.7465725195171549
1.8491939535049944 0.7704385407598427
1.8492022920736717 0.742723217231406
1.8492106306423493 0.7478405325831442
1.8492189692110266 0.7579542631310398
1.849227307779704 0.7541956097426439
1.8492356463483817 0.7424821205107376
1.849243984917059 0.7627092263515443
1.8492523277553568 0.7732056164176667
1.849260666324034 0.7588640861867658
1.8492690048927114 0.7605328894899753
1.849277343461389 0.7723283911527145
1.8492856820300663 0.7392460284733626
1.8492940205987436 0.7774921270158701
1.8493023591674211 0.7683976004887283
1.8493107020057191 0.7715640783013039
1.8493190405743964 0.7830905804368083
1.8493273791430738 0.7536505145570791
1.8493357177117513 0.7950235620533292
1.8493440562804286 0.7642087395395637
1.849352394849106 0.7870041092810293
1.8493607334177835 0.7916295550856502
1.8493690719864608 0.7576244818533391
1.8493774105551382 0.7923827272425162
1.849385753393436 0.7907733051185204
1.8493940919621132 0.7955454569576385
1.8494024305307908 0.7610286382446285
1.849410769099468 0.7933685854956568
1.8494191076681454 0.7987263278321721
1.849427446236823 0.7827084095906105
1.8494357848055003 0.7776998227990582
1.8494441276437983 0.7728015776378957
1.8494524662124756 0.7470540078051604
1.849460804781153 0.7792880202180276
1.8494691433498305 0.781147415143019
1.8494774819185078 0.7951865029853357
1.8494858204871851 0.8003832658998556
1.8494941590558627 0.769633565447376
1.84950249762454 0.7464504771738283
1.8495108361932173 0.7681570132438194
1.8495191790315153 0.7802198585517875
1.8495275176001926 0.8007076909343518
1.8495358561688702 0.8175023316259165
1.8495441947375475 0.7579839330329223
1.8495525333062248 0.80486492166914
1.8495608718749024 0.7756932280732557
1.8495692104435797 0.7903928447020233
1.8495775532818775 0.7962326827804239
1.8495858918505548 0.7862379455783745
1.849594230419232 0.7490520552979749
1.8496025689879096 0.7743672905672184
1.849610907556587 0.8105746174402285
1.8496192461252643 0.8017094448451599
1.8496275846939418 0.8076254573782691
1.8496359232626192 0.7695449632090856
1.8496442618312965 0.7779756425816483
1.8496526046695945 0.8190152719418082
1.849660943238272 0.7927915270775271
1.8496692818069493 0.8217789262615612
1.8496776203756267 0.803043368383886
1.849685958944304 0.7836984719783431
1.8496942975129815 0.8192265146431614
1.8497026360816589 0.7769051493962199
1.8497109789199568 0.7974271169473204
1.8497193174886342 0.779567993307288
1.8497276560573117 0.805048416309772
1.849735994625989 0.772764210272096
1.8497443331946664 0.7871817194245909
1.849752671763344 0.79314939993727
1.8497610103320212 0.7655595879282563
1.8497693489006986 0.8059108449338136
1.849777687469376 0.8014325920262089
1.8497860303076736 0.7857981463450308
1.8497943688763512 0.7936572721969598
1.8498027074450285 0.8054303675399582
1.8498110460137058 0.8165541680897154
1.8498193845823834 0.7893816017449325
1.8498277231510607 0.8171955631026963
1.849836061719738 0.7859610062582034
1.849844404558036 0.7971847827962819
1.8498527431267133 0.8253554055828993
1.8498610816953909 0.7875551938890135
1.8498694202640682 0.8082914780787863
1.8498777588327455 0.8051448140898136
1.849886097401423 0.7963481949493574
1.8498944359701004 0.8416024672626587
1.8499027745387777 0.7721185741410129
1.8499111131074553 0.8238079903735585
1.849919455945753 0.7742121810514477
1.8499277945144306 0.7901981343833874
1.849936133083108 0.8064343161479279
1.8499444716517852 0.8159113977829988
1.8499528102204628 0.7793203196729858
1.84996114878914 0.7831879556561165
1.8499694873578174 0.8016005379941818
1.8499778301961152 0.8071142220120613
1.8499861687647925 0.8333453184663108
1.84999450733347 0.7846301640844255
1.8500028459021474 0.7734442230376896
1.8500111844708247 0.8065995957262283
1.8500195230395022 0.8207464255491024
1.8500278616081796 0.8114504398483384
1.8500362001768569 0.8016596042806174
1.8500445387455344 0.803774085532034
1.8500528815838324 0.8188870440205475
1.8500612201525097 0.7962345161760392
1.850069558721187 0.7827264323252658
1.8500778972898646 0.8303764044682229
1.850086235858542 0.8235405725787037
1.8500945744272193 0.8014270559451107
1.8501029129958968 0.8028954559524178
1.8501112558341946 0.7902163295773132
1.850119594402872 0.8257793149922302
1.8501279329715494 0.8016263789589776
1.8501362715402268 0.7816242050675548
1.8501446101089043 0.8259010152962295
1.8501529486775816 0.8087308311807655
1.850161287246259 0.8191152282157391
1.8501696258149365 0.8282682235454241
1.8501779643836138 0.8274485514280656
1.8501863072219116 0.8232315381998527
1.850194645790589 0.8413777053706688
1.8502029843592662 0.8222899834011392
1.8502113229279438 0.8395218424958647
1.850219661496621 0.8242330028819926
1.8502280000652984 0.8111795621859306
1.850236338633976 0.8246563358159497
1.8502446814722737 0.8074915753800647
1.8502530200409513 0.8125872430902628
1.8502613586096286 0.8238288564057883
1.850269697178306 0.8091238448433276
1.8502780357469835 0.8279288189688925
1.8502863743156608 0.8125965984004792
1.850294712884338 0.8254884478782841
1.8503030514530157 0.8136413280435374
1.850311390021693 0.821173640194864
1.850319732859991 0.827120909752359
1.8503280714286683 0.8471181756436204
1.8503364099973456 0.7991807234640271
1.8503447485660232 0.7980626758389348
1.8503530871347005 0.8366696204502555
1.8503614257033778 0.8197926117717936
1.8503697642720554 0.8285467154315657
1.8503781071103529 0.8290333471082474
1.8503864456790304 0.8274371198828354
1.8503947842477078 0.8465585493731462
1.850403122816385 0.8294094896185108
1.8504114613850626 0.8095711067758307
1.85041979995374 0.8413060267048751
1.8504281385224173 0.8162778275983248
1.8504364770910948 0.8205177869447655
1.8504448156597721 0.8435017734037215
1.8504531584980701 0.8036019834445409
1.8504614970667475 0.8324957019747157
1.850469835635425 0.8229946272122277
1.8504781742041023 0.8166105756015926
1.8504865127727796 0.8256576326213256
1.8504948513414572 0.8570556060374994
1.8505031899101345 0.8369856266035595
1.8505115327484325 0.8141923171688392
1.8505198713171098 0.8340651974086627
1.8505282098857871 0.8197227719837122
1.8505365484544647 0.8311683549845039
1.850544887023142 0.8445590110442329
1.8505532255918193 0.8148205997315282
1.8505615641604969 0.8193415893889225
1.8505699027291742 0.8226820091005086
1.8505782412978515 0.8451912650066614
1.8505865841361493 0.8626964283127387
1.8505949227048266 0.8199341971654479
1.8506032612735042 0.8369239574955013
1.8506115998421815 0.8643188805152633
1.8506199384108588 0.8319380731875282
1.8506282769795364 0.8397093712739689
1.8506366155482137 0.868880398758665
1.8506449583865117 0.8408915725798941
1.850653296955189 0.842575836081942
1.8506616355238663 0.8417439430271244
1.8506699740925439 0.8282567806760817
1.8506783126612212 0.8432590290129547
1.8506866512298985 0.8297399483981429
1.850694989798576 0.852038070085707
1.8507033283672534 0.8328388963984408
1.8507116669359307 0.855015523956437
1.8507200097742285 0.8293560173363212
1.850728348342906 0.8509166076041239
1.8507366869115836 0.844156560482168
1.8507450254802609 0.8477015943978783
1.8507533640489382 0.8491237729306859
1.8507617026176157 0.814631126194062
1.850770041186293 0.8248101563122282
1.8507783840245908 0.81296528335799
1.8507867225932682 0.8288634706506678
1.8507950611619455 0.8238459290070839
1.850803399730623 0.8089990283457602
1.8508117382993003 0.8157385751900259
1.8508200768679777 0.8229832571998079
1.8508284154366552 0.8460265650396197
1.8508367540053325 0.8581021695400478
1.8508450925740099 0.8614855554131422
1.8508534354123078 0.831472710597447
1.8508617739809854 0.8484436429109417
1.8508701125496627 0.8434998311713497
1.85087845111834 0.8789010837707574
1.8508867896870176 0.8567320224099876
1.850895128255695 0.8374926417620209
1.8509034668243722 0.8571463892445097
1.85091180966267 0.8220173800547529
1.8509201482313473 0.8115943219969046
1.8509284868000249 0.8290715263838841
1.8509368253687022 0.8441954362235545
1.8509451639373797 0.8557285071155556
1.8509535025060573 0.8689004056995413
1.8509618410747346 0.8888203716065379
1.850970179643412 0.8338443684470417
1.8509785182120895 0.8385906193773326
1.850986861050387 0.8213532879500779
1.8509951996190646 0.8718564804898209
1.8510035381877419 0.8380308376799592
1.8510118767564192 0.9044030119195147
1.8510202153250968 0.9008365527635863
1.851028553893774 0.8482229132819015
1.8510368924624514 0.8534911063753866
1.8510452353007494 0.849599014551049
1.8510535738694267 0.8439350029386763
1.8510619124381043 0.8676928124898341
1.8510702510067816 0.8637757354440264
1.851078589575459 0.8156371528914783
1.8510869281441364 0.8320204484183372
1.8510952667128138 0.818724902164296
1.851103605281491 0.8659842631550495
1.8511119438501686 0.8678186916215311
1.8511202866884662 0.8404057206678363
1.8511286252571437 0.8952472590079428
1.851136963825821 0.866516825500852
1.8511453023944984 0.867035740283818
1.8511536409631761 0.8726277105118619
1.8511619795318535 0.8706086944843178
1.8511703181005308 0.8515947982556477
1.8511786609388285 0.8699393985818188
1.851186999507506 0.8760481967269445
1.8511953380761834 0.870554570600523
1.8512036766448607 0.8812700279699142
1.8512120152135383 0.8919304690071362
1.8512203537822156 0.8698352431239088
1.851228692350893 0.8835415952904838
1.8512370309195703 0.857697215203764
1.8512453694882478 0.8533280073816003
1.8512537123265458 0.8732689125313651
1.851262050895223 0.8614002629523629
1.8512703894639004 0.8593933721965331
1.851278728032578 0.8732568479588216
1.8512870666012553 0.8984791430156974
1.8512954051699326 0.8496909644056543
1.8513037437386102 0.8916286194621535
1.8513120865769077 0.894101863409294
1.8513204251455853 0.9126557619218278
1.8513287637142626 0.8909534215401425
1.85133710228294 0.8372439153525431
1.8513454408516175 0.8803350634415519
1.8513537794202948 0.8540356503602761
1.851362117988972 0.90458420451332
1.8513704565576499 0.8550529309486855
1.8513787951263272 0.8488715921989255
1.851387137964625 0.8615490343532914
1.8513954765333023 0.8472430207900524
1.8514038151019796 0.8592983937796757
1.8514121536706571 0.8525679451226458
1.8514204922393345 0.8585251063316842
1.8514288308080118 0.9110495543088881
1.8514371693766893 0.8711681716929841
1.851445512214987 0.9080734958326924
1.8514538507836646 0.8779423521489405
1.851462189352342 0.8480295778805862
1.8514705279210193 0.8577149896753349
1.8514788664896968 0.8699393985818188
1.8514872050583742 0.8451212074172749
1.8514955436270515 0.8966005480628643
1.851503882195729 0.8720472161051899
1.8515122207644064 0.878089936751244
1.8515205636027041 0.8839017627380065
1.8515289021713814 0.8850096373667817
1.8515372407400588 0.8739146102188088
1.8515455793087363 0.861791090725912
1.8515539178774136 0.9105336492320777
1.851562256446091 0.8858006609448777
1.8515705950147685 0.8736812189101213
1.8515789378530665 0.866532787477667
1.8515872764217438 0.9015566061132351
1.8515956149904211 0.8972407712392405
1.8516039535590987 0.8781162215430243
1.851612292127776 0.8790791913338563
1.8516206306964533 0.8573773376944647
1.8516289692651309 0.8469036410287416
1.8516373078338082 0.9019054265914382
1.8516456464024855 0.8828034058535876
1.8516539892407835 0.8916984259207174
1.8516623278094608 0.8857190794460116
1.8516706663781384 0.8715152682411614
1.8516790049468157 0.8982743527147419
1.851687343515493 0.8782537240453938
1.8516956820841706 0.8922837832445532
1.851704020652848 0.8924214493390211
1.8517123634911457 0.9084269294828948
1.851720702059823 0.8758142356136789
1.8517290406285003 0.8602981718150453
1.8517373791971778 0.888537987807347
1.8517457177658552 0.9042676618304927
1.8517540563345325 0.8988578177083917
1.85176239490321 0.882535126271233
1.8517707334718874 0.8838529178711118
1.8517790720405647 0.8803857410600047
1.8517874148788627 0.9129836497456717
1.85179575344754 0.8819663182297615
1.8518040920162175 0.9318199407030795
1.8518124305848949 0.9088516499897034
1.8518207691535722 0.8913001918416456
1.8518291077222497 0.8899385094848937
1.851837446290927 0.8857802648657254
1.851845789129225 0.8989406093855024
1.8518541276979024 0.8954018760827547
1.8518624662665797 0.8959071446467434
1.8518708048352572 0.904303059128334
1.8518791434039346 0.8740353543245671
1.8518874819726119 0.8623528440253436
1.8518958205412894 0.8603060954905184
1.8519041591099668 0.9149513452050231
1.851912497678644 0.8816658106670063
1.8519208405169418 0.8922755650450461
1.8519291790856192 0.8879428203376121
1.8519375176542967 0.8854050608179741
1.851945856222974 0.900998359013258
1.8519541947916514 0.8928242959957561
1.851962533360329 0.8909411126487692
1.8519708719290062 0.854277562855801
1.8519792147673042 0.9103743230014862
1.851987549066361 0.8619657309828254
1.851995891904659 0.8878221992609449
1.8520042304733364 0.8900491709584168
1.8520125690420137 0.8878160664236442
1.8520209076106913 0.928957830722721
1.8520292461793686 0.8887057702611902
1.8520375890176666 0.9234002759495649
1.8520459233167235 0.9072103577935413
1.8520542661550212 0.8864760362752441
1.8520626047236988 0.8799256952804662
1.852070943292376 0.8942253966798107
1.8520792818610534 0.8504974190011165
1.852087620429731 0.8438145311444267
1.8520959589984083 0.893661400374819
1.8521042975670856 0.9153706851838306
1.8521126404053834 0.8665726937061159
1.8521209747044405 0.8746655066389502
1.8521293175427382 0.8659104882069076
1.8521376561114156 0.8941553923977721
1.8521459946800929 0.8844534900542922
1.8521543332487704 0.8741299488596047
1.8521626718174478 0.8716537441677675
1.8521710146557457 0.8484944383872133
1.8521793489548026 0.8407541118840914
1.8521876917931004 0.8776917173467393
1.852196030361778 0.9002600950006551
1.8522043689304553 0.8633840076213997
1.8522127074991326 0.8752034077692867
1.8522210460678101 0.868492355250496
1.852229388906108 0.9069618092907059
1.8522377232051648 0.8744258744518951
1.8522460660434628 0.8928427984227032
1.85225440461214 0.8380848692665126
1.8522627431808176 0.8581614471853166
1.852271081749495 0.9084018290660011
1.8522794203181723 0.8941636279112065
1.8522877588868498 0.8569016912695231
1.8522960974555271 0.8646791759561825
1.8523044360242045 0.8391855556035208
1.852312774592882 0.867083655773457
1.8523211174311798 0.8531727975311034
1.852329455999857 0.8531413660626513
1.8523377945685344 0.9038097041214082
1.852346133137212 0.8730397141526218
1.8523544717058893 0.8607083178696976
1.8523628102745666 0.8582997776160297
1.852371148843244 0.8644860707761429
1.852379491681542 0.8709936724922659
1.8523878259805988 0.8859271271184654
1.8523961688188968 0.8502213375027861
1.8524045073875741 0.8583729041371282
1.8524128459562517 0.8600921818665381
1.852421184524929 0.8527151911046116
1.8524295230936063 0.8851543337040638
1.8524378616622839 0.8851502574271016
1.8524462002309612 0.9054990520592658
1.8524545430692592 0.887409349476614
1.8524628816379365 0.8299157373257915
1.8524712202066138 0.8794051406447546
1.8524795587752914 0.8900512203747296
1.8524878973439687 0.8908323914934957
1.852496235912646 0.8710879378341225
1.8525045744813236 0.9205385914230213
1.852512917319621 0.8725734611101512
1.8525212516186782 0.8824985490091746
1.852529594456976 0.8599258413769363
1.8525379330256533 0.9005710875252558
1.8525462715943308 0.8528408611184999
1.8525546101630082 0.908380912581712
1.8525629487316855 0.8873276198188813
1.8525712915699835 0.9317341208670964
1.8525796258690403 0.8946661376937557
1.8525879687073383 0.9210919781044195
1.8525963072760157 0.8816109993859053
1.852604645844693 0.8905821781185624
1.8526129844133705 0.8762237085761677
1.8526213229820478 0.9072208024988958
1.8526296615507252 0.8756428382588796
1.8526380001194027 0.8925632470695071
1.8526463429577003 0.9063480401805761
1.852654681526378 0.9170647491149315
1.8526630200950553 0.9041573144422386
1.852671358663733 0.9181296231789271
1.8526796972324102 0.9113726680381613
1.8526880358010875 0.893219097611108
1.852696374369765 0.9100117501395089
1.8527047172080626 0.9042530868752877
1.8527130515071197 0.883970964253559
1.8527213943454175 0.8701397325943371
1.8527297329140948 0.9008116620736525
1.8527380714827724 0.8938322084040011
1.8527464100514497 0.8722299598758894
1.852754748620127 0.9118113628304917
1.8527630871888046 0.91792035394512
1.8527714257574819 0.887697506562337
1.8527797685957799 0.89832192609654
1.8527881071644572 0.8712323641009528
1.8527964457331345 0.8578315203338546
1.852804784301812 0.9040095116842959
1.8528131228704894 0.8968689731128338
1.8528214614391667 0.9219216205456934
1.8528298000078443 0.9076554088092057
1.8528381385765216 0.931287985114993
1.852846477145199 0.9016894741943873
1.8528548199834967 0.882982304214526
1.8528631542825538 0.9038971144955735
1.8528714971208518 0.9004487509831894
1.852879835689529 0.9332070262506903
1.8528881742582064 0.9039387414544913
1.852896512826884 0.9051967791729757
1.8529048513955613 0.9014341356950787
1.852913194233859 0.9044404970644031
1.8529215285329161 0.9063501271264637
1.8529298713712137 0.8691845539818236
1.8529382099398912 0.901645874696929
1.8529465485085685 0.9058452263247475
1.8529548870772459 0.9490454251192613
1.8529632256459234 0.9021131219013823
1.8529715684842212 0.8911114007416701
1.852979902783278 0.9068949843369167
1.852988245621576 0.8743735265793036
1.8529965841902534 0.8851094956899261
1.853004922758931 0.9072918296844045
1.8530132613276082 0.8728306733669327
1.8530215998962856 0.8759755814179723
1.8530299384649631 0.9106259034784353
1.8530382770336404 0.8688523898153652
1.8530466198719382 0.8968235416867385
1.8530549584406155 0.8872193396165632
1.8530632970092928 0.8923721336698526
1.8530716355779704 0.8894099834307992
1.853079974146648 0.8997938075667892
1.8530883127153255 0.8578334955661999
1.8530966512840028 0.9020051143718331
1.8531049941223006 0.9134946327647583
1.8531133284213577 0.9033436581997419
1.8531216712596552 0.915809195715068
1.8531300098283328 0.8972634972325172
1.85313834839701 0.9015545302048231
1.8531466869656874 0.914178493328283
1.853155025534365 0.8775219731343618
1.8531633641030423 0.883771515757749
1.8531717026717196 0.9060809507760014
1.8531800455100176 0.9469804210540209
1.853188384078695 0.9008095878805373
1.8531967226473725 0.9289407188447046
1.8532050612160498 0.8852664386770808
1.853213399784727 0.894497229957387
1.8532217383534046 0.9362331187497722
1.853230076922082 0.9052655634423685
1.8532384154907593 0.9192719318579838
1.8532467540594368 0.8684403625905223
1.8532550968977344 0.8909000842389959
1.853263435466412 0.8955503335973851
1.8532717740350892 0.903820109675063
1.8532801126037666 0.8862188840804719
1.8532884511724441 0.8940174588229907
1.8532967897411217 0.9544781699227973
1.853305128309799 0.913686062139935
1.8533134711480967 0.9193036829340037
1.8533218054471539 0.897001150347956
1.8533301482854516 0.9523859941125512
1.853338486854129 0.8912755646474634
1.8533468254228063 0.9037327067475641
1.8533551639914838 0.899369178172913
1.8533635025601611 0.8956410697510364
1.8533718453984591 0.9212213616428041
1.853380179697516 0.9162204901219994
1.8533885225358138 0.9013760199620411
1.8533968611044913 0.9381299475623726
1.8534051996731686 0.9259104805846046
1.853413538241846 0.9286348971940028
1.8534218768105235 0.9503312269741804
1.8534302153792008 0.9079856815861713
1.8534385539478782 0.9081508630386291
1.853446896786176 0.8976189240054582
1.8534552353548535 0.8895513026664761
1.8534635739235308 0.9149955880945737
1.853471912492208 0.924323511323668
1.8534802510608854 0.9101416729415952
1.853488589629563 0.9219768150753382
1.8534969281982403 0.9191872676831062
1.8535052710365383 0.938611778915577
1.8535136053355954 0.9212192404546712
1.8535219481738932 0.9683982590230239
1.8535302867425705 0.9251198509083851
1.8535386253112478 0.9392387459329612
1.8535469638799253 0.9139596022659321
1.8535553024486027 0.9383330211975722
1.85356364101728 0.9587977362927723
1.8535719795859575 0.9303770737175073
1.8535803224242553 0.9018971197737292
1.8535886609929328 0.9283804790081923
1.8535969995616102 0.9054135715608871
1.8536053381302875 0.9084227460319152
1.853613676698965 0.9143469067409404
1.8536220152676424 0.9048904400070814
1.8536303538363197 0.9085775465496855
1.8536386924049972 0.9442217497482973
1.8536470309736746 0.9528532069814791
1.8536553738119723 0.8612673822264881
1.8536637123806496 0.9260789229302593
1.853672050949327 0.888077771809182
1.8536803895180045 0.8698893222858699
1.8536887280866818 0.8990296189435035
1.8536970666553592 0.9112614536290974
1.8537054052240367 0.9176900015735873
1.8537137480623345 0.8737717512411356
1.8537220823613916 0.9192126661167977
1.8537304251996893 0.8907852147428799
1.8537387637683667 0.8827668174724996
1.8537471023370442 0.8903545860261225
1.8537554409057215 0.8775967373726324
1.8537637794743989 0.9102506547556313
1.8537721180430764 0.9208459874095877
1.8537804566117537 0.8675869283144861
1.8537887994500517 0.887811977888978
1.853797138018729 0.8776492782156472
1.8538054765874066 0.8622396699266057
1.853813815156084 0.914180598304476
1.8538221537247612 0.903233423567246
1.8538304922934385 0.9047091860728245
1.853838830862116 0.8604863788248862
1.8538471737004139 0.8542559256152248
1.8538555079994707 0.8750522785452037
1.8538638508377685 0.8871314993501153
1.853872189406446 0.8856538196567371
1.8538805279751234 0.8860107678929489
1.8538888665438007 0.9061623212406341
1.8538972051124782 0.8929517649369982
1.853905547950776 0.9081215881855342
1.853913882249833 0.9094985269411507
1.8539222250881309 0.8656872077498047
1.8539305636568082 0.888327281559037
1.8539389022254857 0.8920742427997564
1.853947240794163 0.8974701235756621
1.8539555793628404 0.8714390155307302
1.853963917931518 0.8921399756807236
1.8539722565001953 0.9089353621751736
1.8539805993384932 0.8943139393560259
1.8539889379071706 0.8877486080092848
1.8539972764758479 0.9157817826535288
1.8540056150445254 0.89920352350572
1.8540139536132028 0.9183156803278082
1.85402229218188 0.8909205982077033
1.8540306307505576 0.9123847128648778
1.854038969319235 0.9338970423615462
1.8540473078879123 0.8849301663451881
1.85405565072621 0.9392365832583155
1.8540639892948874 0.875124817315602
1.854072327863565 0.9383697519741175
1.8540806664322422 0.9066820126546218
1.8540890050009196 0.8784215871618528
1.854097343569597 0.9037639211084918
1.8541056821382744 0.8936284772785904
1.8541140249765724 0.9106804217447425
1.8541223592756293 0.8966934553336716
1.854130702113927 0.9007411421869552
1.8541390406826046 0.906920043117575
1.854147379251282 0.8986012119633807
1.8541557178199592 0.9063188234426871
1.8541640563886368 0.8937972209685613
1.8541723949573141 0.925377637046506
1.8541807335259914 0.8840157445917928
1.8541890763642894 0.8784013609901973
1.854197414932967 0.9144184918359753
1.8542057535016443 0.8783892255107514
1.8542140920703216 0.9245938492083297
1.8542224306389992 0.893140945937025
1.8542307692076765 0.8822364563237972
1.8542391077763538 0.9056199894745798
1.8542474506146516 0.9259126125747295
1.8542557849137087 0.9215756685855355
1.8542641277520064 0.9179372628186466
1.8542724663206838 0.9143005899598226
1.854280804889361 0.8947773870352027
1.8542891434580386 0.8903463855950968
1.854297482026716 0.9212807568935515
1.854305824865014 0.9090567585401272
1.8543141591640708 0.9222825676922274
1.8543225020023686 0.8714630946132326
1.8543308405710461 0.8795590469036215
1.8543391791397235 0.883909903811587
1.8543475177084008 0.9085085106277971
1.8543558562770783 0.895271995945612
1.854364199115376 0.8599832648144196
1.854372533414433 0.8723042732384528
1.854380876252731 0.8728829288704403
1.8543892148214083 0.8978463056352448
1.8543975533900858 0.889840155281259
1.8544058919587632 0.8856334269586896
1.8544142305274405 0.9085524419711439
1.854422569096118 0.8821470781729254
1.8544309076647953 0.892674234922129
1.8544392462334727 0.874439968645365
1.8544475848021502 0.8946084582956089
1.8544559276404478 0.9240766576019933
1.8544642662091253 0.9228476273890474
1.8544726047778026 0.9100473722880349
1.85448094334648 0.9235831479184169
1.8544892819151575 0.8632408823953427
1.8544976204838348 0.9104707539682049
1.8545059590525121 0.8942274557122498
1.8545143018908101 0.8739065612048603
1.854522636189867 0.869957426754039
1.854530979028165 0.879275556262396
1.8545393175968423 0.8655377217733532
1.8545476561655196 0.9127692482249328
1.8545559947341972 0.8975176543647976
1.8545643333028745 0.89017829340267
1.8545726718715518 0.8876913745863798
1.8545810104402294 0.8545844772727496
1.8545893532785274 0.89697016956082
1.8545976918472047 0.9495416083137684
1.854606030415882 0.8757718872646824
1.8546143689845596 0.924879173329841
1.8546227075532369 0.8986508718736469
1.8546310461219142 0.9074736010383169
1.8546393846905918 0.9036078600843492
1.8546477275288893 0.9348931980063855
1.8546560618279464 0.8963507784731646
1.8546644046662442 0.9225246937557174
1.8546727432349215 0.9331146329154951
1.854681081803599 0.9439695819194427
1.8546894203722764 0.9142290140947159
1.8546977589409537 0.8662355439141379
1.8547061017792517 0.8840442423517769
1.8547144360783085 0.9263561732416719
1.8547227789166065 1.0
1.8547311174852839 0.9858980326853972
1.8547394560539612 0.9337035284467098
1.8547477946226387 0.9563899416630831
1.854756133191316 0.9287418163922022
1.8547644717599934 0.9077557321362417
1.854772810328671 0.9350116024164928
1.8547811531669685 0.9276304581920863
1.8547894917356462 0.942942042833091
1.8547978303043235 0.9130446162348854
1.8548061688730009 0.9238085980821479
1.8548145074416784 0.9520746461450124
1.8548228460103557 0.9149534519607769
1.854831184579033 0.9158450448029356
1.8548395274173308 0.9012079205446607
1.854847861716388 0.915794434733813
1.8548562045546857 0.8908426476394594
1.854864543123363 0.9387760470335862
1.8548728816920403 0.9224715904939746
1.8548812202607179 0.9220511206219254
1.8548895588293952 0.9392538847949118
1.8548978973980725 0.9441891380476041
1.85490623596675 0.9479883494596275
1.854914578805048 0.8956781917362855
1.8549229173737254 0.9083997373958986
1.8549312559424027 0.9019614996121881
1.85493959451108 0.8975135211527708
1.8549479330797576 0.9018597400408237
1.854956271648435 0.899174537076125
1.8549646102171122 0.9207272567949594
1.8549729487857898 0.9087763156146974
1.854981287354467 0.9129226873273556
1.8549896301927649 0.8566984871938218
1.854997964491822 0.8676228875287774
1.85500630733012 0.9104896220911809
1.8550146458987973 0.8756428382588796
1.8550229844674746 0.8881554804450906
1.8550313230361521 0.8772068209733916
1.8550396616048295 0.9383027734023351
1.8550480044431272 0.8995659327276853
1.8550563387421843 0.8784559727225263
1.8550646815804819 0.900934047921454
1.8550730201491594 0.8729351875024327
1.8550813587178367 0.8728628302296365
1.855089697286514 0.8572411297998935
1.8550980358551916 0.8649997859584757
1.8551063786934894 0.888497070063014
1.8551147129925463 0.8499688308060181
1.8551230558308442 0.8570931022834914
1.8551313943995216 0.9033956603375
1.8551397329681991 0.9026990803286169
1.8551480715368764 0.8817125044461441
1.8551564101055538 0.8477074501332659
1.8551647486742313 0.9184235261597569
1.8551730872429086 0.8362458971227292
1.8551814300812064 0.8658905501106349
1.8551897686498837 0.9025619070166141
1.855198107218561 0.8935585197262845
1.8552064457872386 0.879251261316583
1.855214784355916 0.9232323208167919
1.8552231229245935 0.8657370421456361
1.855231461493271 0.8556339337321726
1.8552398043315685 0.8575115927355598
1.8552481386306257 0.8549367777428996
1.8552564814689234 0.8731904957891345
1.8552648200376007 0.8632746737116872
1.8552731586062783 0.857120732146039
1.8552814971749556 0.8797980599995612
1.855289835743633 0.8934268497785798
1.8552981743123105 0.8908693141715787
1.8553065128809878 0.8661637419723033
1.8553148557192858 0.8665028590123319
1.855323194287963 0.8731362114002647
1.8553315328566407 0.8502154644021378
1.855339871425318 0.8713567503520038
1.8553482099939953 0.8930319563370549
1.8553565485626728 0.9069889583346842
1.8553648871313502 0.9030940896035574
1.8553732257000275 0.899174537076125
1.8553815642687048 0.8952905490974213
1.8553899071070026 0.8892215927060604
1.8553982456756801 0.8912940349793045
1.8554065842443574 0.9039782888411149
1.8554149228130348 0.935530605857025
1.8554232613817123 0.8905473178996447
1.8554315999503899 0.8576063736569558
1.8554399385190672 0.8921194336351336
1.855448281357365 0.913446255865925
1.855456615656422 0.9044634054177861
1.8554649584947198 0.9024517677808737
1.8554732970633971 0.9142163836413676
1.8554816356320745 0.8924296688821765
1.855489974200752 0.9106259034784353
1.8554983127694293 0.9385620718615433
1.8555066556077273 0.869971448924061
1.8555149899067842 0.907734830528713
1.855523332745082 0.8856966458510791
1.8555316713137595 0.8667762440598583
1.8555400098824368 0.8507912211378198
1.8555483484511142 0.86511133034416
1.8555566870197917 0.8982702160179964
1.855565025588469 0.8581812073103705
1.8555733641571464 0.8817368673995593
1.8555817069954441 0.9102779022480882
1.8555900455641214 0.8795610721655033
1.855598384132799 0.8821470781729254
1.8556067227014763 0.8763427538616063
1.8556150612701536 0.8771825831880575
1.8556233998388312 0.8860658527152702
1.8556317384075085 0.8777725594641821
1.8556400812458065 0.8917908252253068
1.8556484155448636 0.8733734791423209
1.8556567583831611 0.8993878162325967
1.8556650969518387 0.9041510687663478
1.855673435520516 0.892160518199315
1.8556817740891933 0.8662893992765712
1.8556901126578709 0.8447418297133956
1.8556984512265482 0.8553837587305908
1.8557067897952255 0.8631673411613459
1.8557151326335235 0.8991124264448234
1.855723471202201 0.8911237119856764
1.8557318097708784 0.8614260481545426
1.8557401483395557 0.8760562654661777
1.8557484869082332 0.8783164161547728
1.8557568254769106 0.8748790158201476
1.855765164045588 0.8572806081218401
1.8557735026142654 0.8652109357004448
1.8557818411829428 0.8455494278383283
1.8557901840212405 0.8575767534937057
1.8557985225899178 0.8164131663560047
1.8558068611585952 0.8687243604292592
1.8558151997272727 0.8457636194087417
1.85582353829595 0.8400361967452135
1.8558318768646274 0.8454365123069668
1.855840215433305 0.8624064579936076
1.8558485582716027 0.8525600927178434
1.8558568925706596 0.8435037156405674
1.8558652354089575 0.8673552269031222
1.8558735739776349 0.8670796627148505
1.8558819125463124 0.8496303155120464
1.8558902511149897 0.8517104974142561
1.855898589683667 0.8756327571061807
1.8559069282523446 0.866746307185974
1.855915266821022 0.8616502135821392
1.85592360965932 0.8854009833863754
1.8559319482279972 0.8359301702562634
1.8559402867966746 0.8474303230090785
1.855948625365352 0.8481330751897231
1.8559569639340294 0.8549840246006832
1.8559653025027067 0.8264222475221272
1.8559736410713843 0.8615450667825015
1.8559819839096818 0.8500021025917182
1.855990318208739 0.8336984613954612
1.8559986610470367 0.8606131941277044
1.856006999615714 0.8504719609273222
1.8560153381843916 0.848103782216962
1.856023676753069 0.8339422940749702
1.8560320153217462 0.8565663317699943
1.8560403581600442 0.8374251505490967
1.856048692459101 0.8097855073925778
1.856057035297399 0.8402547959780129
1.8560653738660764 0.8148750111673941
1.8560737124347537 0.8319189173260136
1.8560820510034313 0.8022412703786459
1.8560903895721086 0.8346511574985741
1.856098728140786 0.8118186047797775
1.8561070667094635 0.822627076370013
1.8561154095477614 0.7999079258569419
1.8561237481164388 0.8245841829999614
1.856132086685116 0.8149050328252647
1.8561404252537936 0.8016669878724374
1.856148763822471 0.8017740575962934
1.8561571023911483 0.7947892785767858
1.8561654409598258 0.8076180189071679
1.8561737795285032 0.8239920090589663
1.8561821180971805 0.8550923084980327
1.8561904609354782 0.796623291376472
1.8561987995041556 0.8195642388751637
1.856207138072833 0.7927075599066643
1.8562154766415104 0.7821445077195004
1.8562238152101878 0.7816710001306033
1.8562321537788653 0.8124693754094011
1.8562404923475426 0.7992451324160833
1.8562488351858406 0.8015691607996616
1.8562571694848975 0.7924411143105311
1.8562655123231953 0.8136394545673011
1.8562738508918728 0.7922367783928598
1.8562821894605501 0.7954355558829104
1.8562905280292274 0.7825282050666111
1.856298866597905 0.7966306285819222
1.8563072051665823 0.7764097847990238
1.8563155437352596 0.7712709963087205
1.8563238865735576 0.7903182304060415
1.856332225142235 0.7821337020684391
1.8563405637109125 0.7613493827916307
1.8563489022795898 0.7704172530503549
1.8563572408482671 0.7524159615803384
1.8563655794169447 0.7660727247569378
1.856373917985622 0.7693111023064628
1.8563822608239198 0.77162448479195
1.8563905951229769 0.7666779977829724
1.8563989379612744 0.7989121021021891
1.856407276529952 0.7783734250770448
1.8564156150986293 0.7683339082976105
1.8564239536673066 0.7740392794866038
1.8564322922359842 0.7664714806668578
1.8564406350742821 0.7295095808906119
1.8564489693733388 0.7486192665946947
1.8564573122116368 0.7285024220398022
1.8564656507803143 0.7214795072551677
1.8564739893489917 0.7099127889812654
1.856482327917669 0.6736340015850032
1.8564906664863463 0.7168346667135934
1.8564990093246443 0.6907581218495592
1.8565073436237012 0.665860112783304
1.8565156864619992 0.6801802227134697
1.8565240250306765 0.6263210382708206
1.856532363599354 0.610036751846727
1.8565407021680314 0.5919513290822295
1.8565490407367087 0.5709249203803903
1.8565573793053862 0.5338103622557102
1.8565657178740635 0.5103710127045251
1.8565740564427409 0.49920508441965644
1.8565823950114184 0.46373513332947974
1.856590737849716 0.42198304339986437
1.8565990764183935 0.36859208065796345
1.8566074149870708 0.34503090714133106
1.8566157535557481 0.31893853865376226
1.8566240921244257 0.2900093500491755
1.856632430693103 0.2579770070909452
1.8566407692617803 0.23944843339965202
1.8566491121000783 0.22519876266881955
1.8566574463991352 0.19282662501675496
1.8566657892374332 0.17387614383790678
1.8566741278061105 0.15341788806585333
1.8566824663747878 0.13276817940615276
1.8566908049434654 0.12183890858516853
1.8566991435121427 0.11084471727637721
1.85670748208082 0.0980812517861327
1.8567158206494976 0.0844613463531247
1.8567241634877953 0.071404733072591
1.8567325020564729 0.06992846578172544
1.8567408406251502 0.057991721354558406
1.8567491791938275 0.05144320286182011
1.856757517762505 0.04666507842100013
1.8567658563311824 0.04219033754682815
1.8567741948998597 0.03571017676901037
1.8567825377381575 0.033379897595869665
1.8567908720372146 0.0295196361361926
1.8567992148755124 0.025578966904239137
1.8568075534441897 0.022726889480191966
1.856815892012867 0.020816226271220224
1.8568242305815446 0.018508533101620955
1.8568325691502219 0.01658570742204075
1.8568409119885199 0.015020659454870598
1.8568492462875767 0.01322902995968649
1.8568575891258747 0.012145712590470861
1.856865927694552 0.010242854415162867
1.8568742662632294 0.009825032598577086
1.856882604831907 0.008618069656506775
1.8568909434005842 0.008119270303419478
1.8568992819692616 0.007425522185782876
1.8569076205379391 0.006227489443257953
1.8569159633762367 0.005843714635529842
1.8569243019449144 0.005253249163072614
1.8569326405135917 0.004781630356698953
1.856940979082269 0.004454664489602682
1.8569493176509466 0.003939725831538877
1.856957656219624 0.003471290821649107
1.8569659947883013 0.0033522546355635465
1.856974337626599 0.0029822428086252063
1.8569826719256561 0.002722538312419451
1.856991014763954 0.002678033466841329
1.8569993533326312 0.0022438250904827707
1.8570076919013085 0.0021291536335548526
1.857016030469986 0.0019214319147323716
1.8570243690386634 0.0016933822375494747
1.8570327076073407 0.0016423397335156168
1.8570410461760183 0.0015081585481497833
1.857049389014316 0.0014378116559578594
1.8570577275829936 0.0012460916906203198
1.857066066151671 0.0011431467869242782
1.8570744047203482 0.0010746202002723671
1.8570827432890258 0.001022320336310849
1.857091081857703 0.0009450874584362558
1.8570994204263804 0.0008156822279117226
1.857107758995058 0.000797566676086352
1.8571160975637353 0.000754518686441168
1.857124440402033 0.0006781909654374195
1.8571327747010902 0.0006156359890068922
1.857141117539388 0.0005654393127839666
1.8571494561080655 0.0005133599689318882
1.8571577946767428 0.000499346488291615
1.8571661332454201 0.00046085361658563986
1.8571744718140977 0.00041982857997597287
1.8571828146523952 0.0004102938431373785
1.8571911489514523 0.00037887853374843713
1.85719949178975 0.0003379550963708841
1.8572078303584274 0.0003165818407859486
1.857216168927105 0.0003123453177591738
1.8572245074957823 0.00029206465310122114
1.8572328460644596 0.0002626951169050519
1.8572411889027576 0.0002433582087080245
1.8572495232018145 0.00023128102319489377
1.8572578660401124 0.00021141850622549962
1.8572662046087898 0.00019993600037329079
1.8572745431774673 0.00018949336150873354
1.8572828817461446 0.00017866356684176447
1.857291220314822 0.00016676311546101228
1.8572995588834995 0.00014826614642886418
1.8573078974521768 0.000145469853009133
1.8573162402904746 0.0001322604512168487
1.857324578859152 0.00011624599522514131
1.8573329174278292 9.784936238192252e-05
1.8573412559965068 9.234066545947295e-05
1.8573495945651841 8.79623857596902e-05
1.8573579331338617 8.024204715829071e-05
1.8573662717025392 7.474032809789395e-05
1.8573746145408367 6.377919009210106e-05
1.8573829488398939 6.103079117693316e-05
1.8573912916781916 5.8837742328638825e-05
1.857399630246869 5.456322101663906e-05
1.8574079688155465 4.6729377967072014e-05
1.8574163073842238 4.672098604790503e-05
1.8574246459529011 4.4822182545614243e-05
1.8574329845215787 3.805143153232388e-05
1.857441323090256 3.79562239147723e-05
1.857449665928554 3.7296836781799074e-05
1.8574580044972313 3.3254161375882584e-05
1.8574663430659086 2.9836439787217013e-05
1.8574746816345862 2.991465509838462e-05
1.8574830202032635 3.1268928541546e-05
1.8574913587719408 2.3913547107763075e-05
1.8574996973406184 2.2269937592322282e-05
1.8575080359092957 2.2834788844577396e-05
1.857516374477973 2.3044909131759734e-05
1.8575247173162708 2.1259987263066628e-05
1.857533055884948 1.7461558368427532e-05
1.8575413944536256 1.7864587803064998e-05
1.857549733022303 1.7415943214587786e-05
1.8575580715909803 1.8101226386548825e-05
1.8575664101596578 1.785410152486378e-05
1.8575747487283354 1.6990337269928225e-05
1.8575830915666331 1.6740791983154784e-05
1.8575914258656903 1.5246213601477239e-05
1.857599768703988 1.5892967672323628e-05
1.8576081072726653 1.565806169808734e-05
1.8576164458413427 1.372720122541455e-05
1.85762478441002 1.3452097301933064e-05
1.8576331229786975 1.2677773837520236e-05
1.8576414658169955 1.2163204259191018e-05
1.8576498001160522 1.204783469324366e-05
1.8576581429543502 1.2249856465557035e-05
1.8576664815230277 1.0478641926264896e-05
1.857674820091705 1.130269478018165e-05
1.8576831586603824 9.820192474817957e-06
1.85769149722906 1.0212192672416289e-05
1.8576998357977372 1.1164081544634704e-05
1.8577081743664146 1.3211587334758913e-05
1.8577165172047123 9.35237688842648e-06
1.8577248557733896 1.1776520705683312e-05
1.8577331943420672 1.2139365845452067e-05
1.8577415329107445 9.91023607316311e-06
1.8577498714794218 1.1558327610631918e-05
1.8577582100480994 1.043626263848952e-05
1.8577665486167767 1.0725659361620438e-05
1.8577748914550747 8.944395614487732e-06
1.8577832257541318 1.0341320546048243e-05
1.8577915685924293 9.781985168363337e-06
1.8577999071611069 8.032893331111982e-06
1.8578082457297842 9.075906225532265e-06
1.8578165842984615 8.59999106437491e-06
1.857824922867139 8.866556788874585e-06
1.8578332614358164 8.48148698522224e-06
1.8578416000044937 1.0277464847099301e-05
1.8578499428427917 8.68852389815365e-06
1.857858281411469 7.936353429390785e-06
1.8578666199801466 9.245023086315571e-06
1.857874958548824 8.948433190985322e-06
1.8578832971175012 1.0340582407506309e-05
1.8578916356861788 8.523657687434591e-06
1.857899974254856 7.5849199207590375e-06
1.8579083128235334 8.3583008662997e-06
1.857916651392211 8.352952274033475e-06
1.8579249942305085 1.0000230261160261e-05
1.857933332799186 7.759468956937224e-06
1.8579416713678634 7.488158009784293e-06
1.8579500099365407 7.917225230592903e-06
1.8579583485052182 9.790119659740193e-06
1.8579666870738956 9.858549014607305e-06
1.8579750256425729 8.763871477687749e-06
1.8579833684808709 9.049321127113829e-06
1.8579917027799278 9.138775316305187e-06
1.8580000456182257 9.037514352347494e-06
1.858008384186903 8.890844202256399e-06
1.8580167227555806 7.924575364485618e-06
1.858025061324258 7.690719998934916e-06
1.8580333998929353 8.206349326519777e-06
1.8580417384616128 8.320855880961029e-06
1.8580500770302901 1.0324047642021287e-05
1.858058419868588 8.701096795516787e-06
1.8580667584372654 9.134609789987034e-06
1.8580750970059428 1.043578204190021e-05
1.8580834355746203 8.4685099083751e-06
1.8580917741432976 8.337790910834592e-06
1.858100112711975 9.596083095400294e-06
1.8581084512806525 8.870109884859646e-06
1.85811679411895 8.292719964293281e-06
1.8581251284180071 7.73634805075995e-06
1.858133471256305 8.916902131125294e-06
1.8581418098249822 8.029435245040779e-06
1.8581501483936598 9.782525755777663e-06
1.858158486962337 8.84225428167717e-06
1.8581668255310144 8.861780731323534e-06
1.8581751683693124 7.816943987127049e-06
1.8581835026683693 8.362343440385164e-06
1.8581918455066673 8.938630808079267e-06
1.8582001840753446 9.82659370776546e-06
1.858208522644022 8.298354812391635e-06
1.8582168612126995 7.291535591214821e-06
1.8582251997813768 8.996632903697068e-06
1.8582335383500541 8.90252086066743e-06
1.8582418769187317 8.344455443102516e-06
1.8582502197570294 7.910829055896216e-06
1.858258558325707 8.993733199305775e-06
1.8582668968943843 9.3722960815301e-06
1.8582752354630616 8.126340207184372e-06
1.8582835740317392 8.544821602174503e-06
1.8582919126004165 7.705414396481031e-06
1.8583002511690938 9.43617529198077e-06
1.8583085897377714 7.803132833207644e-06
1.8583169283064487 8.388204310858333e-06
1.8583252711447464 7.732750540327172e-06
1.8583336097134238 7.972894180531254e-06
1.858341948282101 8.805053518064554e-06
1.8583502868507786 8.222918767959757e-06
1.858358625419456 8.021470672416797e-06
1.8583669639881333 9.718158992598007e-06
1.8583753025568108 8.539333990145156e-06
1.8583836453951088 7.888873643522949e-06
1.8583919796941655 7.894288612355976e-06
1.8584003225324635 8.438261889535216e-06
1.858408661101141 9.348673663095701e-06
1.8584169996698183 7.749612727703224e-06
1.8584253382384956 8.791075299556e-06
1.8584336768071732 7.981453724481503e-06
1.8584420153758505 7.3488604416587045e-06
1.8584503539445278 8.204611095416157e-06
1.8584586967828258 8.252622887344165e-06
1.8584670353515031 7.338917404831927e-06
1.8584753739201807 8.388609926303114e-06
1.858483712488858 7.955289708284717e-06
1.8584920510575353 7.740927500725808e-06
1.858500389626213 8.227577844032544e-06
1.8585087281948902 7.95946724755103e-06
1.858517071033188 7.811707980521022e-06
1.858525405332245 6.9172424817278426e-06
1.8585337481705426 8.007205969215126e-06
1.8585420867392202 8.385713103370463e-06
1.8585504253078975 8.28252966421431e-06
1.8585587638765748 8.317580255019357e-06
1.8585671024452524 7.857420579668187e-06
1.8585754452835501 7.376341246988311e-06
1.858583779582607 7.54063639722943e-06
1.858592122420905 7.876531242710623e-06
1.8586004609895823 7.782945691457126e-06
1.8586087995582599 8.14775572325298e-06
1.8586171381269372 8.849179406675825e-06
1.8586254766956145 7.701636197761562e-06
1.8586338195339125 8.940339273848603e-06
1.8586421538329694 8.83968928837539e-06
1.8586504966712674 8.44852707116257e-06
1.8586588352399447 8.61120642262231e-06
1.858667173808622 7.754539276378613e-06
1.8586755123772996 8.59177707187564e-06
1.8586838509459769 8.221460981492117e-06
1.8586921895146542 7.89539750377829e-06
1.8587005280833317 8.82067864199949e-06
1.858708866652009 7.907660218607661e-06
1.8587172052206864 7.155137763667425e-06
1.8587255480589842 7.686170251190476e-06
1.8587338866276615 8.021599964290327e-06
1.858742225196339 7.09002881127438e-06
1.8587505637650164 9.842785028638701e-06
1.8587589023336937 9.777976743991467e-06
1.8587672409023712 8.426689661512784e-06
1.8587755794710485 7.90543914720295e-06
1.8587839223093465 8.009621616299358e-06
1.8587922566084034 8.773158992954994e-06
1.8588005994467014 8.26801012895366e-06
1.8588089380153787 7.397296048050756e-06
1.858817276584056 9.581180016344528e-06
1.8588256151527336 7.399698077365292e-06
1.858833953721411 7.722803771455502e-06
1.8588422922900882 1.003321225622431e-05
1.8588506308587658 7.876930253252202e-06
1.8588589736970635 7.511644048611471e-06
1.858867312265741 8.488813652505535e-06
1.8588756508344184 7.86225273022089e-06
1.8588839894030957 8.69096498101062e-06
1.8588923279717733 7.517596298322751e-06
1.8589006665404506 7.985700166257172e-06
1.858909005109128 9.387976633997676e-06
1.8589173479474257 7.999005584666072e-06
1.8589256822464828 8.562705353251676e-06
1.8589340250847806 7.99504661063459e-06
1.8589423636534579 7.918537905506718e-06
1.8589507022221352 8.007759106512639e-06
1.8589590407908128 8.161086857006146e-06
1.85896737935949 8.718143235106246e-06
1.858975722197788 7.731984949635598e-06
1.858984056496845 7.48703735578396e-06
1.8589923993351427 9.050071284154243e-06
1.8590007379038203 7.619403972432345e-06
1.8590090764724976 8.854172932254398e-06
1.859017415041175 7.93001483918793e-06
1.8590257536098524 8.63461543693421e-06
1.8590340921785298 8.016854471495127e-06
1.859042430747207 8.592469515200726e-06
1.8590507735855049 7.751147475931355e-06
1.8590591121541822 7.4382196689803085e-06
1.85906745072286 8.361804317558857e-06
1.8590757892915373 9.525526728804798e-06
1.8590841278602146 8.351413745070438e-06
1.8590924664288921 8.6111072830153e-06
1.8591008049975695 7.785652217050293e-06
1.8591091478358672 7.501739861371085e-06
1.8591174821349243 8.923762432048605e-06
1.859125824973222 8.246506393114684e-06
1.8591341635418994 9.961161927569789e-06
1.8591425021105767 8.117176698584608e-06
1.8591508406792543 7.579280847703158e-06
1.8591591792479316 8.737415727551674e-06
1.859167517816609 8.363672141440329e-06
1.8591758563852863 8.294686950952648e-06
1.8591841992235842 7.7210968484859e-06
1.8591925377922618 7.74518864359006e-06
1.8592008763609391 7.477630481067401e-06
1.8592092149296164 8.266753729830418e-06
1.859217553498294 7.770983735639313e-06
1.8592258920669713 8.73717430716857e-06
1.8592342306356486 8.302387509912633e-06
1.8592425692043262 1.0049628322083922e-05
1.8592509077730035 7.616334333882195e-06
1.8592592506113013 8.598506026765222e-06
1.8592675849103584 8.174044543141975e-06
1.859275927748656 8.257165702804516e-06
1.8592842663173337 8.539589607031871e-06
1.859292604886011 8.144642008822683e-06
1.8593009434546883 9.049383637825508e-06
1.8593092820233659 9.083265319764859e-06
1.8593176248616634 9.842218448694307e-06
1.8593259591607205 7.768049780025699e-06
1.8593343019990183 7.628128493609055e-06
1.8593426405676956 8.124207365886719e-06
1.8593509791363731 9.180344948861647e-06
1.8593593177050505 8.04685174556074e-06
1.8593676562737278 8.48326434186556e-06
1.8593759991120258 7.803258605862664e-06
1.8593843334110827 8.61888329229975e-06
1.8593926762493806 7.844711925516696e-06
1.859401014818058 7.95102282154659e-06
1.8594093533867353 7.379823922833487e-06
1.8594176919554128 8.501254152722829e-06
1.8594260305240902 7.527972085269861e-06
1.8594343690927675 8.09938419031003e-06
1.859442707661445 7.642140185247507e-06
1.8594510504997426 8.034761686821222e-06
1.8594593890684201 7.445776571095556e-06
1.8594677276370974 8.58606160069186e-06
1.8594760662057748 9.368131968578117e-06
1.8594844047744523 8.214365065424245e-06
1.8594927433431299 8.104103893806333e-06
1.8595010819118074 7.696566037002552e-06
1.859509424750105 8.14991351252878e-06
1.859517759049162 7.417319729050451e-06
1.8595261018874598 9.364357817852195e-06
1.8595344404561371 7.3566145200420105e-06
1.8595427790248147 7.595091320106871e-06
1.859551117593492 7.915402431979054e-06
1.8595594561621693 7.787427204898803e-06
1.8595677947308469 7.857655784121896e-06
1.8595761332995242 7.625511844672883e-06
1.8595844761378222 8.50618844914381e-06
1.8595928147064995 9.279188560026016e-06
1.8596011532751768 7.523535941013231e-06
1.8596094918438544 7.3211785732379455e-06
1.8596178304125317 7.402492908285268e-06
