1.901248629810427 0.0013314596204380357
1.9017356333894162 0.0022072371645284025
1.9022226369684057 0.009930954680263022
1.9027096405473949 0.7512647295179119
1.9031966441263841 0.9488312940107203
1.9036836477053733 0.9981297494216829
1.9041706512843628 0.9628995860436301
1.904657654863352 0.8722279514944987
1.9051446584423415 0.15210938134918034
1.9056316620213305 0.0014827877859744632
1.90611866560032 0.0014765120647983237
1.9066056691793094 0.002137765184984693
1.9070926727582986 0.0013232442027960088
1.907579676337288 0.0014551239873242439
1.908066679916277 0.0016264098655464686
1.9085536834952666 0.0012245936412087753
1.9090406870742558 0.0013513193636296682
1.9095276906532452 0.0017492786677408185
1.9100146942322345 0.0012935910436112008
1.9105016978112237 0.0019243186989694183
1.910988367826118 0.001466290429720716
1.9114753714051071 0.0022410007402925763
1.9119623749840964 0.0015045651565594616
1.9124493785630858 0.0020317253529972246
1.912936382142075 0.0018872568049602635
1.9134233857210645 0.002264148980829066
1.9139103893000535 0.002144608386666604
1.914397392879043 0.0025914450241893896
1.9148843964580322 0.0016044566957816248
1.9153714000370217 0.0018920560598701015
1.9158584036160107 0.0018634210622002763
1.9163454071950001 0.0018088310316498376
1.9168324107739894 0.10489674209645428
1.9173194143529788 0.8547950528342841
1.917806417931968 0.9518247643935762
1.9182934215109573 0.9977322263910693
1.9187804250899465 0.9518554480933273
1.919267428668936 0.767237815270197
1.9197544322479254 0.014612011320330775
1.9202414358269146 0.0010877698069374892
1.9207284394059039 0.0021166107620709494
