6.029171020706598 0.0002574773318296801
6.033440641125134 0.00023293138017835857
6.037710261543671 0.1965640084711225
6.041980215526302 0.8408121911266015
6.046249835944839 0.5701787138329307
6.050519456363375 0.506596284214022
6.054789076781912 0.7944892037671025
6.059059030764542 0.9757375082693465
6.063328651183079 0.7678280967620332
6.067598271601615 0.7070123498977303
6.071867892020152 0.07930179176696324
6.0761378460027835 0.00025138594928119425
6.08040746642132 0.00019540199795549344
6.084677086839856 0.00024909499416273987
6.088946707258393 0.00022168535313338628
6.093216661241024 0.0002702035185245319
6.09748628165956 0.00021174492004283045
6.1017559020780965 0.00023167330806202232
6.106025856060728 0.00029762951729430054
6.110295476479265 0.00021716908423190416
6.114565096897801 0.00019414356491930423
6.1188347173163375 0.00023140940197271688
6.123104671298969 0.0002485123636289637
6.127374291717506 0.00020707181970157858
6.131643912136042 0.0003120182523574058
6.135913532554579 0.00030782933207297185
6.140183486537209 0.0002369081492530897
6.144453106955746 0.00030217810962615213
6.148722727374282 0.00021896313376549588
6.152992347792819 0.00027927689027498363
6.15726230177545 0.07278703020090778
6.161531922193986 0.6208704638354924
6.165801542612523 0.6316696343892234
6.170071163031059 0.8287604165093864
6.174340783449596 0.7428138624829661
6.178610737432226 0.505939980874738
6.182880357850763 0.5467427086429099
6.187149978269299 0.7328262205316923
6.191419598687836 0.1738645336516579
6.195689552670467 0.00023864975892799368
6.199959173089004 0.00020995344252975085
