1.899447717260452 0.0005201349059475179
1.8994877449518761 0.00038717116029318667
1.8995277726432998 0.00044050008849866193
1.8995678003347234 0.0006755056719969559
1.8996078280261472 0.0009333209189952416
1.899647855717571 0.000783305182627723
1.899687883408995 0.000627017987820528
1.8997275775363234 0.0007797331527910978
1.8997676052277472 0.003884955065571997
1.8998076329191709 0.7719905782035246
1.899847660610595 0.7788933572531531
1.8998876883020186 0.8699353923720613
1.8999277159934422 0.8353663939533801
1.899967743684866 0.8808906493969566
1.9000077713762897 0.8698993373144509
1.9000477990677138 0.5618262154336073
1.9000878267591375 0.00047429221911673953
1.900127854450561 0.0005548236945850204
1.900167882141985 0.0009604881253786568
1.9002079098334088 0.0006087542412428206
1.9002479375248327 0.0003830240111199024
1.900287631652161 0.0006161607075667146
1.900327659343585 0.000541326141040714
1.9003676870350086 0.0009764859524790567
1.9004077147264327 0.000610317748849908
1.9004477424178563 0.1783791129833111
1.90048777010928 0.8263347184105113
1.9005277978007038 0.8014621184379331
1.9005678254921274 0.8369413014728698
1.9006078531835513 0.7920835610327015
1.9006478808749752 0.8828095040645365
1.9006879085663988 0.8913884448756011
1.9007279362578227 0.034619516645325955
1.9007679639492465 0.0008347088151493693
1.9008076580765751 0.0006035274114691983
1.9008476857679988 0.0007644428095806475
1.9008877134594226 0.001041712798636281
1.9009277411508463 0.0009845097012836821
1.90096776884227 0.0006921592066934202
1.901007796533694 0.0006547507431092475
1.9010478242251176 0.0006268433169195447
1.9210006277075855 0.0008639149708640226
1.9210406553990094 0.0004257081846625074
1.9210806830904332 0.0006515683796315986
1.9211207107818569 0.0005274192781329783
1.9211607384732805 0.0004421636127066765
1.9212007661647046 0.000776338278108218
1.9212407938561282 0.0007540132888288665
1.921280821547552 0.587584052257248
1.9213208492389757 0.8533044293831544
1.9213608769303996 0.8552025752839916
1.9214009046218234 0.8315512103062246
1.921440932313247 0.8474459333962872
1.921480960004671 0.7951865029853353
1.9215209876960946 0.7721879141343949
1.9215610153875184 0.0045621020939634795
1.9216010430789423 0.0005116582722635389
1.921641070770366 0.0005074859230142696
1.9216810984617898 0.0008406689362519599
1.9217211261532137 0.0006470591754756486
1.9217611538446373 0.000747950746557396
1.921800847971966 0.0008038647778013371
1.9218408756633898 0.0006573111510585441
1.9218809033548134 0.0004185072636027017
1.9219209310462373 0.0011770963147043594
1.9219609587376612 1.0
1.9220009864290848 0.887013030906595
1.9220410141205084 0.8908057260665886
1.9220810418119323 0.874425874451896
1.9221210695033561 0.8402683393943323
1.92216109719478 0.8387991853452711
1.9222011248862036 0.6350749753061181
1.9222411525776273 0.000869675028307558
1.9222811802690514 0.0006260802442700654
1.922321207960475 0.0009050738142617256
1.9223612356518989 0.0006457077515098543
1.9224012633433225 0.0007378753462106535
1.9224412910347464 0.00048057038053995284
1.9224813187261702 0.00044174231213710616
1.9225213464175939 0.0006205531721674249
1.9225613741090177 0.0007776729624626399
