5.831033948158896 0.00014768384811621884
5.845210422204818 0.0039568810965164005
5.859387229814834 0.8041480256511664
5.873563703860755 0.8340940054975102
5.887740177906677 0.8121514050682357
5.9019166519525985 0.7703019548454519
5.916093459562615 0.025771339964232712
5.930269933608536 0.0002492143237195925
5.944446407654457 0.00023748052480686836
5.9586228817003795 0.00024776844773852
5.972799355746301 0.00022581615066169126
5.986976163356317 0.00034323297134766686
6.001152637402239 0.0003751111728551266
6.01532911144816 0.0002597042160243994
6.029505585494082 0.0002595111367219966
6.043682393104098 0.00021348187080515787
6.05785886715002 0.0003468749996272012
6.072035341195941 0.000448297172817722
6.0862121488059575 0.00022576416055727547
6.10038862285188 0.0004338773710346369
6.114565096897801 0.00035532846518834143
6.128741570943722 0.0002767470498788323
6.142918044989645 0.0003986593919306971
6.157094852599661 0.00038422710626494726
6.1712713266455825 0.0003798516349271134
6.185447800691503 0.00028524694380900687
6.199624274737425 0.0004274752746354206
6.213801082347441 0.00030850059074738316
6.2279775563933635 0.0002525410605722509
6.242154030439285 0.00045550903960989766
6.256330838049301 0.00043820567741248846
6.270507312095223 0.0004693274976045505
6.2846837861411435 0.000329896721829554
6.298860260187066 0.00045780971033140697
6.313037067797082 0.026011595992302135
6.327213541843004 0.8084943699687998
6.341390015888925 0.8043406171127419
6.355566489934847 0.6623629016272392
6.369742963980769 0.5280049572636618
6.383919771590785 0.0025611617076946413
6.398096245636706 0.0004415287624262836
