1.8225922115759163 1.0056711695287074e-05
1.8226022195661773 9.682800858059732e-06
1.8226122275564385 1.1382325474961085e-05
1.822622231277079 1.0245166010263497e-05
1.8226322392673402 1.1234584109380868e-05
1.8226422472576012 9.690808241944054e-06
1.822652250978242 9.557009110215207e-06
1.8226622589685029 9.637802002970768e-06
1.8226722669587638 9.37728250518031e-06
1.8226822749490248 9.992358338728905e-06
1.822692282939286 1.0668392858491849e-05
1.8227022866599265 1.1418288187032123e-05
1.8227122946501877 1.1021634377354466e-05
1.8227223026404489 9.55854964223386e-06
1.8227323063610892 1.2212230702341853e-05
1.8227423143513506 9.174977333198748e-06
1.8227523223416116 9.287738945520946e-06
1.8227623303318725 1.1290157487941926e-05
1.8227723383221335 1.0261645325368282e-05
1.8227823420427742 9.704563363645834e-06
1.8227923500330352 9.610854445581415e-06
1.8228023580232962 9.252711051414724e-06
1.822812361743937 9.102275998221299e-06
1.8228223697341979 1.051138637324645e-05
1.822832377724459 1.092048684414705e-05
1.82284238571472 1.1054319176158988e-05
1.8228523937049812 1.1068888176346223e-05
1.8228623974256217 8.912283644272553e-06
1.822872405415883 1.0689022715467078e-05
1.8228824134061439 1.0140794921125997e-05
1.8228924171267844 9.79223889193561e-06
1.8229024251170456 9.876907807058745e-06
1.8229124331073066 8.705585796617066e-06
1.8229224410975677 9.243362814131118e-06
1.8229324490878287 1.0931556404788196e-05
1.8229424528084694 1.1991320201457936e-05
1.8229524607987304 1.0598490137156377e-05
1.8229624687889914 1.0091134622689292e-05
1.8229724725096321 9.326399184485434e-06
1.822982480499893 9.117210877998594e-06
1.822992488490154 9.732177025000223e-06
1.823002496480415 1.1208358153287608e-05
1.8230125044706764 9.221233088872417e-06
1.8230225081913167 8.988557480141624e-06
1.823032516181578 9.251539342110647e-06
1.823042524171839 1.0655209668772213e-05
1.8230525278924794 1.1767819544154622e-05
1.8230625358827408 1.0205375760306879e-05
1.8230725438730018 9.058619127641543e-06
1.8230825518632627 9.665759834377346e-06
1.8230925598535237 9.41737794090905e-06
1.8231025635741644 1.1028361666110963e-05
1.8231125715644254 1.2436122748000806e-05
1.8231225795546866 1.150577825939952e-05
1.8231325832753271 9.307456175420911e-06
1.823142591265588 1.00051130456228e-05
1.8231525992558493 1.0224568762429634e-05
1.8231626072461102 9.925513856593348e-06
1.8231726152363712 1.0020790900706025e-05
1.823182618957012 9.03603698825953e-06
1.823192626947273 9.341142557364784e-06
1.823202634937534 9.156953314496195e-06
1.8232126386581746 1.0620647626784564e-05
1.8232226466484356 9.139069920362982e-06
1.8232326546386968 9.959464776864469e-06
1.823242662628958 9.712119110516324e-06
1.823252670619219 1.084196497606771e-05
1.8232626743398597 1.0839718399633812e-05
1.8232726823301206 1.1023639441544146e-05
1.8232826903203816 1.1368207708879492e-05
1.8232926940410223 9.444283166781928e-06
1.8233027020312833 9.870041983470278e-06
1.8233127100215443 1.0756748137209437e-05
1.8233227180118055 1.0349252906358096e-05
1.8233327260020664 1.0018368452563678e-05
1.823342729722707 1.0846309677527761e-05
1.8233527377129681 1.010434113240995e-05
1.8233627457032293 1.0454180637765147e-05
1.8233727494238698 1.0556209482933074e-05
1.8233827574141308 1.0118450233595964e-05
1.823392765404392 9.35683562216335e-06
1.823402773394653 1.0101410028361333e-05
1.8234127813849141 9.240426139869212e-06
1.8234227851055547 1.0609135591365787e-05
1.8234327930958156 1.0145279120574608e-05
1.8234428010860768 9.071038286672718e-06
1.8234528048067173 9.702195020891922e-06
1.8234628127969785 1.1805978826555404e-05
1.8234728207872395 9.361900046140611e-06
1.8234828287775005 9.533404051733938e-06
1.8234928367677614 1.0445542489586765e-05
1.8235028404884022 1.0422622302897474e-05
1.8235128484786631 1.0919003369253508e-05
1.823522856468924 1.10163569650195e-05
1.8235328601895648 9.183410546783198e-06
1.8235428681798258 1.2037103644487207e-05
1.8235528761700872 1.0996715768145257e-05
1.8235628841603482 9.336132356761347e-06
1.8235728921506091 1.134963774385446e-05
1.8235828958712499 1.0634179824961647e-05
1.8235929038615108 1.0013479199079232e-05
1.8236029118517718 9.910418628139322e-06
1.8236129155724126 1.2139086329441742e-05
1.8236229235626735 9.887739133951161e-06
1.8236329315529345 9.76951490909746e-06
1.8236429395431957 1.0241840308480535e-05
1.8236529475334566 1.1936747300456317e-05
1.8236629512540974 9.202185846737159e-06
1.8236729592443583 1.0017491901370047e-05
1.8236829672346193 1.1213520981661704e-05
1.82369297095526 1.0185468265553113e-05
1.823702978945521 1.139664446411108e-05
1.823712986935782 1.2316377736295392e-05
1.8237229949260432 1.1103758306393263e-05
1.8237330029163044 1.1138302281574663e-05
1.8237430066369447 1.2483000847561073e-05
1.823753014627206 1.1556863931508548e-05
1.823763022617467 1.1389849878748153e-05
1.8237730263381078 1.1954956494342898e-05
1.8237830343283687 1.2210740449157266e-05
1.8237930423186297 1.0629944572586376e-05
1.8238030503088907 1.0139253935368984e-05
1.8238130582991516 1.1972835070381334e-05
1.8238230620197924 1.1119390950281185e-05
1.8238330700100533 1.1451358208698646e-05
1.8238430780003145 1.2132324004114696e-05
1.823853081720955 1.0823731241981586e-05
1.8238630897112162 1.0373826972066078e-05
1.8238730977014772 1.2354779534016851e-05
1.8238831056917384 1.1382928292701495e-05
1.8238931136819994 1.3720628325371666e-05
1.8239031174026399 1.268402239064398e-05
1.823913125392901 1.0172389946816499e-05
1.823923133383162 1.1568178998669799e-05
1.8239331371038028 1.0438089107388783e-05
1.8239431450940637 1.1501990379259788e-05
1.823953153084325 1.1378918844365113e-05
1.823963161074586 1.2416122820962291e-05
1.8239731690648469 1.3055514757063055e-05
1.8239831727854876 1.2997984058894488e-05
1.8239931807757486 1.2605497772525913e-05
1.8240031887660095 1.1866209182671012e-05
1.8240131924866503 1.3128164199992623e-05
1.8240232004769112 1.3489038679479144e-05
1.8240332084671722 1.1423547714023443e-05
1.8240432164574336 1.0671783350905206e-05
1.8240532244476946 1.2506765299419489e-05
1.824063228168335 1.206021360783428e-05
1.8240732361585963 1.3033948479896283e-05
1.8240832441488573 1.3989622644225939e-05
1.8240932478694978 1.493949784607931e-05
1.824103255859759 1.2936327447316863e-05
1.82411326385002 1.4211698977969466e-05
1.824123271840281 1.3240579705129195e-05
1.824133279830542 1.4800691280175693e-05
1.8241432835511826 1.5634248118065705e-05
1.8241532915414438 1.5857729302286887e-05
1.8241632995317048 1.653069069892273e-05
1.8241733032523453 1.4794864772782032e-05
1.8241833112426065 1.569740993708841e-05
1.8241933192328674 1.5988620706709074e-05
1.8242033272231284 1.588608931803888e-05
1.8242133352133896 1.7509268396683677e-05
1.82422333893403 1.7849004539630964e-05
1.824233346924291 1.5986375139674816e-05
1.8242433549145525 1.9862046760512868e-05
1.8242533586351928 1.8201492455633185e-05
1.8242633666254542 1.8333948200944183e-05
1.8242733746157151 1.968561558157196e-05
1.8242833826059761 1.8655289801592534e-05
1.824293390596237 2.0163875162788484e-05
1.8243033943168778 2.0064345611240493e-05
1.8243134023071388 1.9741993291727785e-05
1.8243234102973998 2.0665789433926527e-05
1.8243334140180405 2.1599166883537962e-05
1.8243434220083015 2.233695658003646e-05
1.8243534299985626 2.4067611916543347e-05
1.8243634379888236 2.2099019239232433e-05
1.8243734459790848 2.0666265286791885e-05
1.8243834496997253 2.4163675786644826e-05
1.8243934576899863 2.510660558300192e-05
1.8244034656802475 2.351418875069182e-05
1.824413469400888 2.707235273699167e-05
1.8244234773911492 2.7190675692080465e-05
1.8244334853814101 2.7544506768909482e-05
1.8244434933716713 2.987920238797725e-05
1.8244535013619323 3.0208349689073965e-05
1.8244635050825728 3.193030007668378e-05
1.824473513072834 3.20087710433129e-05
1.824483521063095 3.127951424017246e-05
1.8244935247837357 3.778940030673125e-05
1.8245035327739967 3.713889688503801e-05
1.8245135407642576 3.67273843607948e-05
1.8245235487545186 3.6907956493484864e-05
1.82453355674478 3.732647685659174e-05
1.8245435604654203 4.2855641462562614e-05
1.8245535684556813 3.773401345754526e-05
1.8245635764459427 4.2874295807210645e-05
1.824573580166583 4.7685352787997676e-05
1.8245835881568442 4.582305077816943e-05
1.8245935961471054 4.8739267734796886e-05
1.8246036041373663 5.469366169486713e-05
1.8246136121276273 5.628504271325938e-05
1.824623615848268 5.3627925822807226e-05
1.824633623838529 5.625420610162414e-05
1.82464363182879 6.011529740365593e-05
1.8246536355494307 6.348849029130586e-05
1.8246636435396917 6.796056800731416e-05
1.8246736515299529 7.782856087499257e-05
1.8246836595202138 7.150427375149565e-05
1.8246936675104748 7.986398931485163e-05
1.8247036712311155 8.05760549007928e-05
1.8247136792213765 8.056177010900931e-05
1.8247236872116375 9.332306632244927e-05
1.8247336909322782 9.637091889637528e-05
1.8247436989225392 9.087679455140567e-05
1.8247537069128004 0.00010253331529362949
1.8247637149030616 0.00010678641333829662
1.8247737228933225 0.0001189241346595863
1.8247837266139633 0.00011465658438068342
1.8247937346042242 0.0001209439086580572
1.8248037425944852 0.0001343695924721297
1.824813746315126 0.00012867198476453976
1.824823754305387 0.0001353315325578642
1.8248337622956479 0.00016329767448045363
1.8248437702859088 0.00017054264723422347
1.82485377827617 0.0001756527688283793
1.8248637819968105 0.00018700447530653136
1.8248737899870717 0.00018684522347862755
1.8248837979773327 0.00020460865474762884
1.8248938016979734 0.000209832135235419
1.8249038096882344 0.00021164353169926547
1.8249138176784956 0.00023195300325477798
1.8249238256687565 0.0002422038264222379
1.8249338336590175 0.0002485054970734623
1.8249438373796583 0.0002671240557510018
1.8249538453699192 0.0002636501361870477
1.8249638533601804 0.0002791251696241521
1.824973857080821 0.00029070198682534814
1.8249838650710821 0.00030564056933616494
1.824993873061343 0.00032294978518378626
1.825003881051604 0.000323906751110551
1.825013889041865 0.00034002120333814637
1.8250238927625058 0.00035519839932876427
1.8250339007527667 0.000370233744961948
1.8250439087430277 0.0004034279654280369
1.8250539124636684 0.00040747221489665465
1.8250639204539294 0.00041745820366874485
1.8250739284441906 0.0004405051599725412
1.8250839364344518 0.0004515511992145976
1.8250939444247127 0.0004913919074849001
1.8251039481453535 0.0005119505336064007
1.8251139561356144 0.0005287276225065852
1.8251239641258754 0.0005252620205960212
1.8251339678465162 0.000560620533048499
1.8251439758367771 0.0005918422976602133
1.825153983827038 0.0006292192489430399
1.8251639918172993 0.0006727643964809108
1.8251739998075602 0.0006932070964612107
1.825184003528201 0.0007026758051963782
1.825194011518462 0.0007585234295897593
1.825204019508723 0.0007489623733500798
1.8252140232293637 0.000829071526383884
1.8252240312196246 0.0008408044469957952
1.8252340392098856 0.0008482268195017712
1.8252440472001468 0.0009229921342948059
1.825254055190408 0.0009582967163063757
1.8252640589110483 0.0010172249411026602
1.8252740669013097 0.0010527663622169898
1.8252840748915706 0.0011413109920282902
1.8252940786122114 0.0011417289150693372
1.8253040866024723 0.0011983812351240083
1.8253140945927333 0.0012403664193601871
1.8253241025829943 0.0012540302131255681
1.8253341105732552 0.0014294336449922117
1.825344114293896 0.0014785193067893463
1.825354122284157 0.001469971788814357
1.8253641302744181 0.0015652402240058769
1.8253741339950587 0.0017127934757257212
1.8253841419853198 0.001740279482563711
1.8253941499755808 0.0018455635319244285
1.8254041579658418 0.0019575731517230376
1.825414165956103 0.001987407845910549
1.8254241696767435 0.0020808558702556604
1.8254341776670047 0.002272191861718082
1.8254441856572656 0.002383455237123046
1.8254541893779062 0.0025026723760893576
1.8254641973681673 0.0027973898837451465
1.8254742053584285 0.0027466795876577464
1.8254842133486895 0.0027838318543509963
1.8254942213389505 0.0029366149134296637
1.8255042250595912 0.003262796591897958
1.8255142330498522 0.003270785019684892
1.8255242410401131 0.003523092127801041
1.8255342447607539 0.0035817230350968956
1.8255442527510148 0.003887227871803801
1.8255542607412758 0.004059887505716539
1.825564268731537 0.004105811435708034
1.8255742767217982 0.004531635809685799
1.8255842804424385 0.0047219240785978936
1.8255942884326999 0.004898927361124769
1.8256042964229608 0.005244535144057383
1.8256143001436014 0.005585306364891489
1.8256243081338626 0.005787233428263375
1.8256343161241235 0.0063034309531737115
1.8256443241143845 0.006969666539905976
1.8256543321046457 0.007056933094717626
1.8256643358252862 0.0073780908737561225
1.8256743438155474 0.007631044743794263
1.8256843518058083 0.008606449008735476
1.8256943555264489 0.00880740566083604
1.82570436351671 0.009172527025191614
1.825714371506971 0.010143387107173383
1.825724379497232 0.010473431581702653
1.8257343874874932 0.011206525920975196
1.8257443912081337 0.011606492630925084
1.8257543991983947 0.012421813371293626
1.825764407188656 0.013659411856306322
1.8257744109092964 0.013984308624826452
1.8257844188995573 0.015085440630503506
1.8257944268898187 0.01608673842052764
1.8258044348800797 0.016891686011036765
1.8258144428703407 0.01800072511739493
1.8258244465909814 0.019158698367840316
1.8258344588508628 0.02055138049527106
1.8258444583018831 0.021357528767112954
1.825854466292144 0.02227927222171014
1.825864474282405 0.024421874773081196
1.825874482272666 0.02533308031530576
1.8258844902629272 0.027654448375473182
1.8258944982531882 0.029907423463537676
1.8259045062434494 0.031176905027043914
1.8259145056944694 0.032947464597353704
1.8259245136847306 0.035290596573701496
1.8259345216749916 0.038589131117622466
1.8259445296652526 0.03967966528159051
1.8259545376555137 0.04149110488471527
1.8259645456457747 0.04550886455443281
1.825974553636036 0.04809622604166684
1.8259845616262969 0.05130798983200823
1.8259945696165578 0.05579162359229681
1.8260045690675781 0.05915030658719613
1.8260145770578393 0.06309340995807716
1.8260245850481003 0.06499396018135255
1.8260345930383612 0.06865054668429896
1.8260446010286222 0.07097738586359685
1.8260546090188832 0.0812256134492485
1.8260646170091446 0.0852322591653392
1.8260746164601647 0.08904488964117337
1.8260846244504256 0.09879387042021424
1.8260946324406866 0.10075091523009688
1.8261046404309478 0.11019325198447454
1.826114648421209 0.11613683865833899
1.82612465641147 0.13116078280544452
1.826134664401731 0.13144709724672055
1.826144672391992 0.13705345872231123
1.826154680382253 0.14787338005869896
1.8261646798332734 0.15265709722019302
1.8261746878235343 0.1634899270326575
1.8261846958137953 0.17678768139697984
1.8261947038040565 0.1857646184978526
1.8262047117943174 0.2040032094722343
1.8262147197845784 0.21275804940726611
1.8262247277748396 0.2223007868914603
1.8262347272258599 0.23587939217664605
1.8262447352161209 0.23915639592435595
1.8262547432063818 0.25151737974813265
1.8262647511966428 0.2700915517424199
1.8262747591869037 0.28338378719927865
1.8262847671771651 0.3048702170813295
1.826294775167426 0.3025387442948486
1.826304783157687 0.3287759187066967
1.826314791147948 0.345989564421971
1.8263247905989686 0.34738255093678283
1.8263347985892295 0.37892390126773084
1.8263448065794905 0.3763500690053519
1.8263548145697515 0.4097538095782487
1.8263648225600124 0.40933794034006077
1.8263748305502736 0.435664326441228
1.8263848385405346 0.4443487880717229
1.8263948379915549 0.4590827769661241
1.8264048459818158 0.4738512165984401
1.826414853972077 0.489267085028454
1.826424861962338 0.509957519511952
1.826434869952599 0.526612301654099
1.8264448779428601 0.5203073968453674
1.826454885933121 0.5379761220121013
1.8264648939233823 0.5687992302552839
1.8264749019136433 0.605027339982495
1.8264849013646633 0.596278293665532
1.8264949093549245 0.6317365436944968
1.8265049173451857 0.6253051420297812
1.8265149253354467 0.6592057698986347
1.8265249333257076 0.6455412517112312
1.8265349413159686 0.6516779101263349
1.8265449493062296 0.6595078967111998
1.82655494875725 0.6646652904003825
1.826564956747511 0.6846238114894749
1.826574964737772 0.6829611504743389
1.826584972728033 0.7021533949083991
1.8265949807182942 0.7226499883280689
1.8266049887085554 0.742492378351171
1.8266149966988163 0.7354700635946653
1.8266250046890773 0.723557417463785
1.8266350126793383 0.7681251764596062
1.8266450121303586 0.7560351718869041
1.8266550201206198 0.7651436881421477
1.8266650281108807 0.7750629910589423
1.8266750361011417 0.7969828939273119
1.8266850440914029 0.7568172111342096
1.8266950520816638 0.7649939490777932
1.8267050600719248 0.7794979906065104
1.826715059522945 0.8033947696266757
1.826725067513206 0.7813165073307611
1.8267350755034673 0.7975795314459284
1.8267450834937282 0.787917959982453
1.8267550914839892 0.7854417818579756
1.8267650994742501 0.8018719096755859
1.8267751074645115 0.816381209348099
1.8267851154547725 0.7915365980287692
1.8267951234450335 0.7859338605955457
1.8268051228960536 0.8138043369905582
1.8268151308863145 0.8156427871327876
1.826825138876576 0.8212568405855017
1.826835146866837 0.8098656891635858
1.8268451548570979 0.8204667771057503
1.8268551628473588 0.8250703871486739
1.82686517083762 0.7973518386052569
1.8268751702886403 0.8250513894196537
1.8268851782789013 0.820878724904806
1.8268951862691623 0.8254447316158156
1.8269051942594232 0.8159433364002654
1.8269152022496844 0.8255948971552697
1.8269252102399454 0.8091816022762802
1.8269352182302065 0.8002561124112991
1.8269452262204675 0.8161105648624704
1.8269552342107287 0.7981031042217674
1.8269652336617488 0.8036260385098877
1.8269752416520098 0.7960310350329599
1.826985249642271 0.8238250625424354
1.826995257632532 0.7600934673687523
1.827005265622793 0.7881429588723229
1.827015273613054 0.7763132523223388
1.827025281603315 0.7781870512045882
1.8270352810543353 0.8163642914385704
1.8270452890445965 0.7758718586044373
1.8270552970348575 0.8059442478353863
1.8270653050251184 0.8226498067101601
1.8270753130153794 0.7934434877770205
1.8270853210056406 0.8331400269665457
1.8270953289959018 0.7995451624946011
1.8271053369861627 0.7675116918458721
1.8271153449764237 0.8056010062332964
1.8271253444274438 0.779438762461821
1.827135352417705 0.8229908371906353
1.8271453604079662 0.7920945041470936
1.8271553683982271 0.7990335224925179
1.827165376388488 0.7938656303702685
1.8271753843787493 0.7604155686964315
1.8271853923690102 0.8113607599873706
1.8271953918200305 0.8053450617477297
1.8272053998102915 0.7860858883831474
1.8272154078005525 0.8082933392408375
1.8272254157908137 0.7912796559086799
1.8272354237810746 0.7892034952465836
1.8272454317713356 0.7851832022765394
1.8272554397615965 0.7849084417886605
1.827265447751858 0.7967406947734507
1.827275455742119 0.8179448079690913
1.827285455193139 0.8043202446808824
1.8272954631834 0.7997366515818453
1.827305471173661 0.7952176303325477
1.8273154791639223 0.8012351621071442
1.8273254871541833 0.8055026990939779
1.8273354951444443 0.8573872086726704
1.8273455031347052 0.8304892208587448
1.8273555025857255 0.8144623255113012
1.8273655105759867 0.809149928334791
1.8273755185662477 0.8171560491492829
1.8273855265565087 0.8058366212200806
1.8273955345467696 0.8230874881935795
1.8274055425370308 0.8294935244561589
1.8274155505272918 0.8436086030716635
1.827425558517553 0.8136207200421984
1.827435566507814 0.8121158749387943
1.8274455659588342 0.874295010646281
1.8274555739490952 0.8517399149607
1.8274655819393562 0.8642890285142448
1.8274755899296173 0.8479651425399596
1.8274855979198783 0.8682464174404211
1.8274956059101395 0.8632687104420982
1.8275056139004004 0.848746507075024
1.8275156133514205 0.8413079638858212
1.8275256213416817 0.8689924435613179
1.827535629331943 0.8527269718817156
1.8275456373222039 0.8466501701662453
1.8275556453124648 0.8493838516580462
1.8275656533027258 0.8557915618450832
1.8275756612929868 0.8288672877167989
1.8275856692832482 0.8343898260962979
1.8275956772735091 0.8334201569183347
1.8276056767245292 0.8458084117769735
1.8276156847147902 0.8802539853196388
1.8276256927050514 0.8499257751342559
1.8276357006953126 0.866941913453129
1.8276457086855735 0.8525679451226473
1.8276557166758345 0.8908364939377106
1.8276657246660954 0.8843537057419034
1.8276757241171158 0.8778554303623047
1.8276857321073767 0.847568875244742
1.827695740097638 0.8602823246830351
1.8277057480878989 0.8810772751258154
1.82771575607816 0.8900204796255253
1.827725764068421 0.8816008495226079
1.827735772058682 0.9243064848121835
1.827745780048943 0.866818157420425
1.8277557880392041 0.8816637805587905
1.8277657874902244 0.8698031977995828
1.8277757954804854 0.8619974875588854
1.8277858034707464 0.9150693309980681
1.8277958114610073 0.9286177912645852
1.8278058194512687 0.8844147968416837
1.8278158274415297 0.8704022399553276
1.8278258354317907 0.868952425901836
1.8278358348828108 0.841939722684196
1.8278458428730717 0.8774027676598938
1.8278558508633331 0.8832751251898107
1.827865858853594 0.8673871820392074
1.827875866843855 0.8678766421214315
1.827885874834116 0.8760925757123935
1.8278958828243772 0.8669918200777034
1.8279058908146382 0.8555255812465674
1.8279158988048994 0.871914700621943
1.8279258982559194 0.8802397974160473
1.8279359062461804 0.8444442833670825
1.8279459142364416 0.8799094865994441
1.8279559222267026 0.8721576610591486
1.8279659302169637 0.8775563234799006
1.8279759382072247 0.8753948755903014
1.827985946197486 0.9000984213325025
1.827995945648506 0.9091425829934106
1.828005953638767 0.8732689125313648
1.8280159616290281 0.9058660844220322
1.8280259696192893 0.8917682378444973
1.8280359776095503 0.8783649550548235
1.8280459855998112 0.8777786229231567
1.8280559935900722 0.8925077583180524
1.8280660015803332 0.8919407377952571
1.8280760095705946 0.8862005189212421
1.8280860090216147 0.8712985674757486
1.8280960170118756 0.8774128691907092
1.8281060250021366 0.874232605575137
1.8281160329923978 0.8466033838415521
1.828126040982659 0.8916245133700719
1.82813604897292 0.8942706964886749
1.8281460569631809 0.8961609175811991
1.828156056414201 0.8881104904060986
1.8281660644044622 0.8497887943245032
1.8281760723947231 0.8832364835284986
1.8281860803849843 0.8993215493306799
1.8281960883752453 0.8809880144099834
1.8282060963655065 0.8672573716219949
1.8282161043557674 0.886188275693188
1.8282261123460284 0.8990130583584438
1.8282361203362893 0.9009464948712852
1.8282461197873097 0.871629659817496
1.8282561277775708 0.9041240046693685
1.8282661357678318 0.8997958794209826
1.8282761437580928 0.8811706028166885
1.8282861517483537 0.8814323788608702
1.8282961597386151 0.8769644732545747
1.828306167728876 0.8845044047552617
1.8283161671798962 0.8821430157448564
1.8283261751701572 0.8819419489364747
1.8283361831604181 0.8737093835189905
1.8283461911506795 0.9021962134168972
1.8283561991409405 0.8888265113813585
1.8283662071312015 0.9208290249558692
1.8283762151214624 0.9067676129070906
1.8283862231117236 0.883985212296937
1.8283962311019846 0.9042281017843333
1.8284062305530049 0.867754750732983
1.8284162385432658 0.9060851234425903
1.8284262465335268 0.953404066573623
1.828436254523788 0.8865781014757975
1.828446262514049 0.9053093379715266
1.8284562705043101 0.8849322039745436
1.828466278494571 0.9417096049045305
1.8284762779455914 0.9049883739064449
1.8284862859358524 0.8897213251210667
1.8284962939261133 0.8979703562553107
1.8285063019163745 0.9162816727583409
1.8285163099066355 0.9171914550445035
1.8285263178968967 0.91179666628617
1.8285363258871576 0.8829416423129863
1.8285463338774186 0.8838895512682251
1.8285563418676796 0.8650694995140039
1.8285663413187 0.8957648156854595
1.828576349308961 0.8991020750900606
1.828586357299222 0.8921440841466017
1.828596365289483 0.8834093672549718
1.828606373279744 0.8856619768674305
1.8286163812700054 0.9384648265431312
1.8286263892602663 0.9052259597398499
1.8286363887112864 0.9285600610790925
1.8286463967015474 0.8922426930039373
1.8286564046918086 0.9085838228027052
1.8286664126820695 0.8961939339776968
1.8286764206723307 0.9230728980094138
1.8286864286625917 0.9419568311316908
1.8286964366528526 0.9046237801390036
1.8287064446431138 0.9106594527945239
1.8287164526333748 0.9193079164936647
1.828726452084395 0.9235257307259538
1.828736460074656 0.9297196284958957
1.8287464680649173 0.9153137785426401
1.8287564760551782 0.8831327695330901
1.8287664840454392 0.9241426206754274
1.8287764920357001 0.9218812881713253
1.8287865000259613 0.933335962472324
1.8287964994769816 0.8856578982526924
1.8288065074672426 0.9340604853451192
1.8288165154575036 0.9298416597416201
1.8288265234477645 0.9024725477399881
1.828836531438026 0.9469738795676128
1.828846539428287 0.9372145019182825
1.8288565474185479 0.885794542071819
1.8288665554088088 0.9343616394077446
1.82887656339907 0.9175568884916933
1.8288865628500903 0.9362999495840474
1.8288965708403513 0.9079480495087251
1.8289065788306123 0.924385235057056
1.8289165868208732 0.9288294993205626
1.8289265948111344 0.9429680976445479
1.8289366028013954 0.9017953674657176
1.8289466107916565 0.9156341879648926
1.8289566102426766 0.9303749314475925
1.8289666182329376 0.9134462558659268
1.8289766262231988 0.9218579386558022
1.8289866342134597 0.9260661287655029
1.8289966422037207 0.9243426665239916
1.829006650193982 0.9411698363977022
1.829016658184243 0.96046379802471
1.829026666174504 0.9152884878377033
1.829036674164765 0.901251498864646
1.829046673615785 0.9461434779656863
1.8290566816060465 0.9109887210354202
1.8290666895963075 0.9403986565026349
1.8290766975865684 0.930537758020266
1.8290867055768294 0.9559804258877875
1.8290967135670904 0.9471526964594277
1.8291067215573515 0.9517217620640689
1.8291167210083719 0.9239575104362139
1.8291267289986328 0.9432134824309395
1.8291367369888938 0.9294820346602762
1.829146744979155 0.9343057034553826
1.829156752969416 0.9214738179070799
1.8291667609596771 0.9186307948797157
1.829176768949938 0.9394853234876044
1.829186776940199 0.9311357473014634
1.8291967849304602 0.943324252229273
1.8292067843814803 0.9447241122028155
1.8292167923717415 0.9295676470619014
1.8292268003620025 0.9297260507937501
1.8292368083522637 0.9432113106041354
1.8292468163425246 0.9129395041396111
1.8292568243327856 0.9325883802860486
1.8292668323230465 0.9453050979213043
1.8292768317740669 0.9475584306777358
1.829286839764328 0.956845899346285
1.829296847754589 0.9746709003105458
1.82930685574485 0.9712074384657913
1.829316863735111 0.9333424097510129
1.8293268717253723 0.9020362690628035
1.8293368797156333 0.9495044402352361
1.8293468877058943 0.9310156899617007
1.8293568956961552 0.9376937039689504
1.8293668951471753 0.9340110193187399
1.8293769031374367 0.9096744565655271
1.8293869111276977 0.9309578107039653
1.8293969191179587 0.9816484834985161
1.8294069271082196 0.9412088454315256
1.8294169350984808 0.9276390020236904
1.8294269430887418 0.9209732157726233
1.829436942539762 0.94971434965233
1.829446950530023 0.9200427343056187
1.829456958520284 0.8975920554362014
1.8294669665105452 0.9502808992809736
1.8294769745008062 0.9523004729106251
1.8294869824910671 0.9373396752127204
1.8294969904813283 0.9347059343745041
1.8295069984715895 0.9446066528918692
1.8295170064618504 0.9785702310221759
1.8295270059128705 0.927073143230035
1.8295370139031315 0.977908002278095
1.8295470218933927 0.9347446754964556
1.8295570298836539 0.9518422978151746
1.8295670378739148 0.9325454339928839
1.8295770458641758 0.9117840694367163
1.8295870538544368 0.9271435898448441
1.8295970533054573 0.9170330753676107
1.8296070612957183 0.9450831061576898
1.8296170692859792 0.97145793499486
1.8296270772762402 0.969685719879576
1.8296370852665012 0.8846958702609633
1.8296470932567623 0.926693250752395
1.8296571012470235 0.9272973101314891
1.8296671092372845 0.9334326763291324
1.8296771172275454 0.9784372988196093
1.8296871166785658 0.9312944182467084
1.8296971246688267 0.9115279712397929
1.829707132659088 0.9315775200407775
1.8297171406493489 0.9487854150592919
1.8297271486396098 0.9205746256417269
1.829737156629871 0.9226054165683143
1.829747164620132 0.8991683258199218
1.8297571640711523 0.944626228429483
1.8297671720614133 0.9245597865395616
1.8297771800516744 0.9767782936907078
1.8297871880419354 0.9289364409244513
1.8297971960321964 0.9350955709939806
1.8298072040224573 0.8999885827148454
1.8298172120127185 0.9374950860089919
1.8298272200029797 0.941150332487077
1.8298372279932407 0.9283890297477773
1.8298472274442608 0.9428030959966767
1.8298572354345217 0.9103303035645094
1.8298672434247831 0.912054940055959
1.829877251415044 0.9352764520044363
1.829887259405305 0.9531296943119485
1.829897267395566 1.0
1.8299072753858272 0.9436414298569789
1.8299172748368475 0.9829739304105217
1.8299272828271085 0.9488356635503669
1.8299372908173694 0.9928576810693813
1.8299472988076304 0.9658373588119139
1.8299573067978916 0.940160498392697
1.8299673147881526 0.9558043440037994
1.8299773227784135 0.9591974156945965
1.8299873307686747 0.9604350483098956
1.8299973387589359 0.9415491594533083
1.830007338209956 0.9335036061933829
1.830017346200217 0.9569450493426614
1.830027354190478 0.9683893397865199
1.830037362180739 0.9579481432792105
1.8300473701710003 0.9254330384844182
1.8300573781612612 0.9864702674459087
1.8300673861515222 0.9512726269049205
1.8300773856025423 0.9592636769932744
1.8300873935928037 0.9274019399010829
1.8300974015830647 0.9592570506574313
1.8301074095733256 0.954935414988784
1.8301174175635866 0.9149871607125805
1.8301274255538476 0.9450330563947531
1.8301374335441087 0.9748729048825021
1.83014744153437 0.9214716961376476
1.8301574495246309 0.9497624604291799
1.830167448975651 0.9231685483900606
1.8301774569659122 0.9047008534316551
1.8301874649561731 0.9509112818334926
1.8301974729464343 0.9814360355493009
1.8302074809366953 0.9043051413654749
1.8302174889269562 0.9536258170510106
1.8302274969172174 0.9323929906239615
1.8302374963682375 0.9202334169644174
1.8302475043584987 0.917409007712857
1.8302575123487597 0.925362721841443
1.8302675203390208 0.9012473484576694
1.8302775283292818 0.9093833533579608
1.8302875363195428 0.9376872266326877
1.8302975443098037 0.9295505239507548
1.8303075523000647 0.9133558189706537
1.830317560290326 0.9279808198230285
1.8303275597413462 0.9340303752779453
1.8303375677316072 0.9211895443336537
1.8303475757218681 0.9388495447094113
1.8303575837121295 0.9215395951828249
1.8303675917023905 0.9443652546133646
1.8303775996926515 0.9572271321777777
1.8303876076829124 0.9037389495335024
1.8303976071339325 0.8963838018645246
1.830407615124194 0.9001999821689318
1.8304176231144549 0.9067008022616906
1.8304276311047158 0.8938095693188031
1.8304376390949768 0.8914110226367261
1.830447647085238 0.9297517404288034
1.830457655075499 0.9320302327098068
1.83046766306576 0.9750951582675453
1.830477671056021 0.9353022950048614
1.8304876705070412 0.9124897610837689
1.8304976784973024 0.8959979169520892
1.8305076864875633 0.8815338633554772
1.8305176944778243 0.9169950683148425
1.8305277024680855 0.9517831238116937
1.8305377104583467 0.9277287170067089
1.8305477184486076 0.9109761353480675
1.8305577178996277 0.9289086349230045
1.8305677258898887 0.9139848562518962
1.8305777338801499 0.9138522806100022
1.830587741870411 0.9057951688507487
1.830597749860672 0.9087051722164633
1.830607757850933 0.921064406912519
1.830617765841194 0.935858092264365
1.8306277738314551 0.9184679369482028
1.8306377818217163 0.905649183684362
1.8306477812727364 0.9103848041335458
1.8306577892629974 0.9171555532538569
1.8306677972532583 0.9442717565437382
1.8306778052435195 0.9221381718787178
1.8306878132337807 0.917894991218838
1.8306978212240417 0.9204156617624156
1.8307078292143026 0.9423950580613613
1.830717828665323 0.9215799126081012
1.830727836655584 0.9315925354173593
1.830737844645845 0.9456991528525746
1.830747852636106 0.9260938496792163
1.830757860626367 0.946625065755269
1.8307678686166282 0.935351829418313
1.8307778766068892 0.8952184001111912
1.8307878845971501 0.9248088987708792
1.830797892587411 0.9538542080736139
1.8308078920384316 0.9258742375035676
1.8308179000286926 0.9278953535668625
1.8308279080189536 0.9256866489383904
1.8308379160092145 0.9149998018146792
1.830847923999476 0.9401042152892075
1.830857931989737 0.9267594006052752
1.8308679399799979 0.9210241120396702
1.830877939431018 0.9344433979774877
1.830887947421279 0.9234066545947293
1.8308979554115403 0.9193693052996861
1.8309079634018013 0.9273827213032824
1.8309179713920622 0.892587909844161
1.8309279793823232 0.9129500148045818
1.8309379873725844 0.9663845987708154
1.8309479953628454 0.9036245053095637
1.8309580033531063 0.9477089891779517
1.8309680028041266 0.923987295787356
1.8309780107943876 0.9827702472154486
1.8309880187846488 0.9707021689083237
1.8309980267749097 0.9912495427693121
1.8310080347651707 0.9846933387145328
1.831018042755432 0.9561345241457552
1.831028050745693 0.9354229051155427
1.8310380501967132 0.9471417920238008
1.8310480581869741 0.9415990247060684
1.831058066177235 0.9397341295913486
1.8310680741674963 0.9375857542059299
1.8310780821577575 0.9544979500326025
1.8310880901480184 0.9150461540165814
1.8310980981382794 0.9493382948505815
1.8311081061285404 0.9493732704101453
1.8311181141188015 0.9587955285819407
1.8311281135698219 0.9387479465016528
1.8311381215600828 0.9102548466244609
1.8311481295503438 0.9523991519021985
1.8311581375406047 0.9148481201153185
1.831168145530866 0.9650037477482877
1.8311781535211271 0.9256397577359505
1.831188161511388 0.8975631209533622
1.8311981609624082 0.9042176915335208
1.8312081689526694 0.8988640268196733
1.8312181769429303 0.9223016805970953
1.8312281849331915 0.8893321650328975
1.8312381929234525 0.9359248963282425
1.8312482009137134 0.9122040582165482
1.8312582089039746 0.9012660254395805
1.8312682168942356 0.8875135657081598
1.8312782248844965 0.9205004390817816
1.8312882243355169 0.9088160746455508
1.831298232325778 0.8947691458688636
1.831308240316039 0.9320237944952844
1.8313182483063 0.8846327228015239
1.831328256296561 0.8788484679878765
1.831338264286822 0.9053176762170713
1.8313482722770833 0.9184933155057788
1.8313582717281034 0.9075801735901876
1.8313682797183644 0.8680445205809663
1.8313782877086253 0.910846093426401
1.8313882956988865 0.9004425309250589
1.8313983036891477 0.8951483180920506
1.8314083116794087 0.8932787442789262
1.8314183196696696 0.8877097706413297
1.8314283276599306 0.9218133639502057
1.8314383356501918 0.9137028930142037
1.831448335101212 0.897974491571144
1.831458343091473 0.8944148475118011
1.831468351081734 0.8940751001167648
1.8314783590719952 0.8736248924160741
1.8314883670622562 0.9173202906859513
1.8314983750525171 0.8485081146119475
1.8315083830427783 0.9041760517287731
1.8315183824937984 0.9074882279024975
1.8315283904840596 0.8821247350500527
1.8315383984743205 0.9090714109219975
1.8315484064645815 0.9151557231009959
1.8315584144548427 0.9307670489986712
1.8315684224451039 0.9069158666060492
1.8315784304353648 0.8919735987117217
1.8315884384256258 0.9106342906915815
1.8315984464158868 0.8956926284793985
1.831608445866907 0.905382300224035
1.8316184538571683 0.9072876514607404
1.8316284618474292 0.9296061752152519
1.8316384698376902 0.9162922219016715
1.8316484778279511 0.9049717035580737
1.8316584858182123 0.9008593698335384
1.8316684938084735 0.8931080420146912
1.8316784932594936 0.9054448439778331
1.8316885012497546 0.9195577310251787
1.8316985092400155 0.8803837138992546
1.8317085172302767 0.928547232636381
1.831718525220538 0.9085482579421609
1.8317285332107989 0.9166467437240934
1.8317385412010598 0.9428226341583124
1.831748549191321 0.9104581754367803
1.831758557181582 0.9350331321021356
1.831768556632602 0.9646705048139781
1.8317785646228633 0.9137323477902088
1.8317885726131244 0.9502962161228425
1.8317985806033854 0.9376116610156163
1.8318085885936464 0.9626091821158481
1.8318185965839073 0.9546957736772481
1.8318286045741683 0.9459125771032552
1.8318386040251888 0.9102506547556312
1.8318486120154498 0.9412868683497094
1.8318586200057108 0.9321847632012034
1.8318686279959717 0.9342970982214716
1.831878635986233 0.9382941313542188
1.831888643976494 0.9382033946544514
1.831898651966755 0.9400695812079621
1.831908659957016 0.9497077892806756
1.831918667947277 0.9696968838632578
1.8319286673982973 0.9559077881803525
1.8319386753885585 0.9777909200354271
1.8319486833788194 0.9476107961386464
1.8319586913690804 0.9558945819174383
1.8319686993593416 0.9237150083152968
1.8319787073496026 0.9787076883902315
1.8319887153398635 0.9386571659161917
1.8319987147908838 0.9140311570385287
1.8320087227811448 0.9414147532298212
1.832018730771406 0.9432243416399703
1.832028738761667 0.9066820126546236
1.832038746751928 0.9410246503135893
1.832048754742189 0.9282329911462586
1.8320587627324503 0.9268767748683182
1.8320687707227112 0.9395653669585684
1.8320787787129722 0.9463526443661068
1.8320887781639923 0.9315153160588261
1.8320987861542535 0.9294606327919039
1.8321087941445147 0.9378038255314848
1.8321188021347756 0.8956286960978556
1.8321288101250366 0.9193693052996861
1.8321388181152976 0.9680058903195069
1.8321488261055587 0.9045696244560906
1.832158825556579 0.9052238753824485
1.83216883354684 0.9414776182684387
1.832178841537101 0.9111439588102503
1.832188849527362 0.9168916126516737
1.8321988575176231 0.9235831479184188
1.8322088655078843 0.9308334896502104
1.8322188734981453 0.9331404161818277
1.8322288814884062 0.9525329330827523
1.8322388894786674 0.9329771341930203
1.8322488889296875 0.8854030220998282
1.8322588969199485 0.9231281614648942
1.8322689049102097 0.9518247643935767
1.8322789129004706 0.9433438011910815
1.8322889208907318 0.8921297045988046
1.8322989288809928 0.8929846631017633
1.8323089368712537 0.9792419273303361
1.832318936322274 0.9278291226323991
1.8323289443125352 0.9188783096109436
1.8323389523027962 0.9043488694529858
1.8323489602930572 0.9165644317920117
1.8323589682833181 0.9377325689261552
1.832368976273579 0.9271926921662579
1.8323789842638405 0.8986757028579161
1.8323889922541015 0.897509387959778
1.8323990002443624 0.9389338579527363
1.8324089996953825 0.9002227831153424
1.8324190076856437 0.92648629622868
1.8324290156759049 0.9074443480172173
1.8324390236661658 0.9232833419300485
1.8324490316564268 0.8886955387167946
1.8324590396466878 0.9202694392371548
1.832469047636949 0.9303942120544035
1.8324790470879693 0.9544034487627258
1.8324890550782302 0.9098713705423414
1.8324990630684912 0.9234789489860988
1.8325090710587524 0.908985593187465
1.8325190790490133 0.8984853495111796
1.8325290870392743 0.9171808955484303
1.8325390950295355 0.8780757837277113
1.8325491030197965 0.8950823635563911
1.8325591110100576 0.8885768614098639
1.8325691104610777 0.9390700722639057
1.8325791184513387 0.9177216980107268
1.8325891264415997 0.9135766690139978
1.832599134431861 0.8891663116981212
1.832609142422122 0.8854030220998282
1.832619150412383 0.9246428164932857
1.832629158402644 0.9054073172071112
1.832639157853664 0.9392582102288592
1.8326491658439255 0.8984687989518376
1.8326591738341864 0.9269514753209194
1.8326691818244474 0.8865250261050261
1.8326791898147083 0.9192126661167993
1.8326891978049695 0.9108439961281767
1.8326992057952305 0.8814364380163277
1.8327092137854917 0.8888326511985898
1.8327192217757526 0.9441217441020661
1.8327292212267727 0.9306298962034599
1.832739229217034 0.940541580325715
1.8327492372072949 0.9783246585468929
1.832759245197556 0.9188719622463738
1.832769253187817 0.9090839702944279
1.8327792611780782 0.8978297668474193
1.8327892691683392 0.9129584234236832
1.8327992686193593 0.9258998207076179
1.8328092766096205 0.9186434863208303
1.8328192845998816 0.9158598065999349
1.8328292925901426 0.9170710839956739
1.8328393005804036 0.9209562509752933
1.8328493085706645 0.8897807382174417
1.8328593165609255 0.9036203439745156
1.832869324551187 0.8876504958291288
1.8328793325414479 0.9253137164316981
1.832889331992468 0.8855335095254597
1.832899339982729 0.9266399075361288
1.83290934797299 0.9246236550729389
1.8329193559632513 0.8793666682881429
1.8329293639535122 0.8950720585991733
1.8329393719437732 0.940524255069109
1.8329493799340342 0.8872663275153674
1.8329593793850545 0.8869395067265973
1.8329693873753157 0.9155224535244114
1.8329793953655766 0.88295993993695
1.8329894033558376 0.8655337358340193
1.8329994113460988 0.8556339337321723
1.8330094193363597 0.8909041869949498
1.8330194273266207 0.874746070019252
1.833029435316882 0.9039054397339974
1.8330394433071429 0.9062436990127328
1.8330494427581632 0.8668500927697732
1.8330594507484241 0.8972490351701969
1.833069458738685 0.8998269578063633
1.833079466728946 0.8629785477669701
1.8330894747192075 0.8767181550440526
1.8330994827094684 0.9167839467045842
1.8331094906997294 0.9012120707700644
1.8331194901507495 0.858382786577282
1.8331294981410104 0.8744137938954442
1.8331395061312719 0.8846429075707549
1.8331495141215328 0.9217390775637703
1.8331595221117938 0.8983612277470787
1.8331695301020547 0.879548920664164
1.833179538092316 0.8814668822781198
1.833189546082577 0.8759009552892528
1.833199554072838 0.8712905425563318
1.8332095535238582 0.8935646922311861
1.8332195615141191 0.90426974398613
1.8332295695043803 0.8654500353481009
1.8332395774946413 0.8913391862907928
1.8332495854849025 0.9147743950385965
1.8332595934751634 0.8998020950121874
1.8332696014654246 0.8659663173189032
1.8332796009164447 0.8993443280274788
1.8332896089067057 0.8684483612586905
1.8332996168969669 0.8670676836493644
1.8333096248872278 0.8436765926320645
1.833319632877489 0.9210050256099206
1.83332964086775 0.8614042298563066
1.833339648858011 0.8715614244388495
1.833349656848272 0.8673931737582868
1.8333596648385333 0.8760260080772456
1.8333696642895534 0.8778655371046222
1.8333796722798144 0.8759009552892528
1.8333896802700753 0.8802012885447362
1.8333996882603363 0.8938754300680624
1.8334096962505977 0.8691065040018664
1.8334197042408586 0.874482252588829
1.8334297122311196 0.8747541267653979
1.8334397116821397 0.8818668145208581
1.833449719672401 0.8542362558720833
1.833459727662662 0.8757376067676521
1.833469735652923 0.8513065992185082
1.833479743643184 0.8592331022071322
1.833489751633445 0.8979662209585194
1.8334997596237061 0.917823133966646
1.8335097676139671 0.8789192976602845
1.8335197756042283 0.8713146175363176
1.8335297750552484 0.875151013349336
1.8335397830455096 0.8829843373587578
1.8335497910357705 0.8824599413216395
1.8335597990260315 0.871681843417518
1.8335698070162925 0.878518679268959
1.8335798150065536 0.8943386505047637
1.8335898229968148 0.854551026118332
1.833599822447835 0.8934762237351228
1.833609830438096 0.9337293279850521
1.8336198384283569 0.8732789664691403
1.8336298464186183 0.8588038842066407
1.8336398544088792 0.8764335619853901
1.8336498623991402 0.8773482214030749
1.8336598703894011 0.9200109577041098
1.8336698783796623 0.8889042855335232
1.8336798863699233 0.89103343347927
1.8336898858209436 0.8807000074155417
1.8336998938112046 0.8891233177346155
1.8337099018014655 0.8938918960136414
1.8337199097917267 0.8414765157041549
1.8337299177819877 0.877382564947154
1.8337399257722489 0.8584242940683845
1.8337499337625098 0.8883293270105481
1.8337599332135301 0.8516889251926091
1.833769941203791 0.8602724203737647
1.833779949194052 0.864808600471046
1.8337899571843133 0.8548344185076294
1.8337999651745742 0.8565209696832471
1.8338099731648354 0.8747964259001194
1.8338199811550964 0.8587307209694797
1.8338299891453573 0.8606686816995178
1.8338399971356183 0.8411123311341842
1.8338499965866388 0.8643248510391949
1.8338600045768998 0.8536463741328759
1.8338700125671608 0.8431755410923423
1.8338800205574217 0.8505835904440776
1.8338900285476827 0.848764096056769
1.833900036537944 0.8379729505599034
1.833910044528205 0.8522990414352245
1.8339200439792251 0.8501077980798519
1.833930051969486 0.8882638748982092
1.8339400599597473 0.8664928830869273
1.8339500679500085 0.851959598093177
1.8339600759402694 0.8413815800671149
1.8339700839305304 0.8332090913580197
1.8339800919207914 0.8387393138806066
1.8339900999110526 0.8235481577026174
1.8340001079013135 0.8653185223663015
1.8340101073523338 0.8558309734104216
1.8340201153425948 0.8764497066369247
1.834030123332856 0.8567044050777595
1.834040131323117 0.8501841418838574
1.834050139313378 0.8684803566680759
1.8340601473036389 0.8528310424817533
1.8340701552939 0.8478675225646938
1.8340801547449204 0.8381157460229071
1.8340901627351813 0.8372458431801212
1.8341001707254423 0.8648683413961541
1.8341101787157033 0.8592410160729081
1.8341201867059647 0.8387470389907473
1.8341301946962256 0.8293617463445161
1.8341402026864866 0.8497066164357991
1.8341502106767475 0.8425370349241822
1.8341602186670085 0.8583590689120538
1.834170218118029 0.8411045842389997
1.83418022610829 0.8616521976073626
1.834190234098551 0.8666225790760812
1.834200242088812 0.8309559463491973
1.8342102500790731 0.8441099119556308
1.834220258069334 0.8307818500329676
1.8342302660595953 0.8615629209949496
1.8342402655106154 0.8431541850450528
1.8342502735008763 0.8533339019830095
1.8342602814911375 0.8665726937061157
1.8342702894813985 0.8630063673569222
1.8342802974716597 0.8406573220616237
1.8342903054619206 0.853347656211308
1.8343003134521818 0.8216237792045948
1.8343103214424428 0.8875810062620788
1.8343203294327037 0.8548777228422108
1.834330328883724 0.8501234577884296
1.834340336873985 0.8284665917346876
1.8343503448642462 0.845728566166524
1.8343603528545072 0.8526072082315312
1.8343703608447681 0.8555472506459424
1.834380368835029 0.8453528088018826
1.8343903768252905 0.8598129857949605
1.8344003762763106 0.8502859442875952
1.8344103842665715 0.892448163131076
1.8344203922568325 0.8515379349390465
1.8344304002470935 0.8439291732623404
1.8344404082373549 0.8524894243290704
1.8344504162276158 0.8832222475531033
1.8344604242178768 0.8396165682930705
1.8344704322081378 0.8348395205708379
1.834480440198399 0.8370376634480284
1.8344904396494193 0.8309291599260955
1.8345004476396802 0.8299902677847926
1.8345104556299412 0.8488227286284957
1.8345204636202022 0.8223467871427864
1.8345304716104633 0.834082482142572
1.8345404796007243 0.8220665934169746
1.8345504875909853 0.8550411180374929
1.8345604870420056 0.8067537633866276
1.8345704950322668 0.8172821241536364
1.8345805030225277 0.8148862691594814
1.8345905110127887 0.8364057311645047
1.8346005190030497 0.7963885364797527
1.834610526993311 0.8639448099453259
1.834620534983572 0.7895688386330045
1.834630542973833 0.7989544131737948
1.834640550964094 0.7970140915937364
1.834650550415114 0.7974454785966391
1.8346605584053755 0.8004256548855605
1.8346705663956364 0.8187776890110647
1.8346805743858974 0.8112897704598875
1.8346905823761583 0.8311740965119252
1.8347005903664195 0.8062189464101805
1.8347105983566805 0.7976015696872697
1.8347205978077008 0.7860605483765043
1.8347306057979618 0.7661609272159905
1.8347406137882227 0.8055305206520449
1.834750621778484 0.7966893286584061
1.8347606297687449 0.7820562659376877
1.834770637759006 0.7733266911734884
1.834780645749267 0.7640961298754515
1.8347906537395282 0.7905402741394117
1.8348006617297892 0.7618561891320118
1.8348106611808093 0.7818636093040243
1.8348206691710705 0.7822489700432864
1.8348306771613314 0.7732608099110174
1.8348406851515926 0.7982372676197917
1.8348506931418536 0.7763776059731397
1.8348607011321145 0.7823714608801722
1.8348707091223755 0.7951132669745128
1.834880708573396 0.7918136787305039
1.834890716563657 0.7833629008128898
1.834900724553918 0.7796038945667461
1.834910732544179 0.7504434994915183
1.8349207405344399 0.7763400656952217
1.8349307485247013 0.7483779791488213
1.8349407565149622 0.7663691252850643
1.8349507645052232 0.7866653113117167
1.8349607724954842 0.7985957598964715
1.8349707719465045 0.7528093422821851
1.8349807799367654 0.7652564521915259
1.8349907879270266 0.7936664095665793
1.8350007959172876 0.7764848739129009
1.8350108039075486 0.782445324918105
1.8350208118978097 0.7837670472103262
1.8350308198880707 0.7803977345639023
1.835040819339091 0.7971921251732846
1.835050827329352 0.769817890781168
1.8350608353196132 0.7919704910362415
1.8350708433098741 0.7836822313548529
1.835080851300135 0.7989029043396514
1.835090859290396 0.8007371906392432
1.8351008672806572 0.7722465913002111
1.8351108752709184 0.7561727103859495
1.8351208832611794 0.800786973855732
1.8351308827121995 0.7819500288392528
1.8351408907024604 0.8033577727821607
1.8351508986927219 0.7917188770507277
1.8351609066829828 0.7933265702386192
1.8351709146732438 0.8133434995015328
1.8351809226635047 0.8115756345621808
1.8351909306537657 0.8288711048005117
1.8352009301047862 0.8020362541837849
1.8352109380950472 0.7937961715687518
1.8352209460853082 0.7880685569690136
1.8352309540755691 0.7844061680264879
1.8352409620658303 0.8010285585890223
1.8352509700560913 0.8018848344278885
1.8352609780463525 0.8196831358318699
1.8352709860366134 0.8138942869405623
1.8352809940268744 0.8046629405901993
1.8352909934778947 0.7795679933072894
1.8353010014681557 0.817877008828388
1.8353110094584169 0.7932242815252275
1.8353210174486778 0.8064844535645674
1.835331025438939 0.8363421790318961
1.8353410334292 0.8298450351282015
1.835351041419461 0.8032005551992379
1.835361040870481 0.8048816012717008
1.8353710488607422 0.8306823828009343
1.8353810568510034 0.7790404355329291
1.8353910648412644 0.7979781503832851
1.8354010728315253 0.7813956694414765
1.8354110808217863 0.80962516766527
1.8354210888120477 0.8191001396945995
1.8354310968023086 0.7912086015382361
1.8354411047925696 0.8112897704598875
1.8354511042435897 0.8068429340353742
1.8354611122338507 0.8204951155136871
1.8354711202241119 0.8039702898473603
1.835481128214373 0.8102648514176736
1.835491136204634 0.8051355445709404
1.835501144194895 0.8182405532636103
1.8355111521851561 0.7956828546544181
1.8355211516361762 0.7972802389723191
1.8355311596264374 0.7865149824802115
1.8355411676166984 0.777587015620136
1.8355511756069596 0.774411868014742
1.8355611835972205 0.7514948349289143
1.8355711915874815 0.7899107059167401
1.8355811995777425 0.7938893939870945
1.8355912075680036 0.7859392896530706
1.8356012155582648 0.7629164864486715
1.835611215009285 0.8098582300592843
1.8356212229995459 0.7559081015886345
1.8356312309898069 0.7767173386281295
1.8356412389800683 0.7727606515695875
1.8356512469703292 0.7757521716015521
1.8356612549605902 0.7761470300794515
1.8356712629508511 0.7764669948937846
1.8356812624018712 0.7844621610452884
1.8356912703921326 0.7775154005073571
1.8357012783823936 0.7962601841579409
1.8357112863726546 0.763120288560171
1.8357212943629155 0.8032079529838058
1.8357313023531767 0.7904365246316963
1.8357413103434377 0.7959705506675225
1.8357513183336989 0.7450527121879648
1.8357613263239598 0.7714184115140649
1.83577132577498 0.7890617657345179
1.835781333765241 0.7730614197552816
1.835791341755502 0.780356406217901
1.8358013497457633 0.7909954767073328
1.8358113577360242 0.7605714166830708
1.8358213657262854 0.7437174987191406
1.8358313737165464 0.8219341026149168
1.8358413731675665 0.7638586482794544
1.8358513811578274 0.7820850784860311
1.8358613891480886 0.7519916183493444
1.8358713971383498 0.7759397489916132
1.8358814051286108 0.7673473541709978
1.8358914131188717 0.8029638620653277
1.8359014211091327 0.7762918022908161
1.835911429099394 0.7446290924884663
1.835921437089655 0.7853585931229221
1.8359314365406751 0.7691446083233916
1.835941444530936 0.7775816442578769
1.835951452521197 0.7756396469339949
1.8359614605114583 0.8012388519399214
1.8359714685017194 0.7812661356177748
1.8359814764919804 0.8105671518064878
1.8359914844822414 0.7811114428034496
1.8360014839332617 0.7753896505504152
1.8360114919235226 0.7840125235273911
1.8360214999137838 0.7870004850015135
1.8360315079040448 0.7780329680573267
1.8360415158943058 0.7473723043471243
1.836051523884567 0.7574640053263431
1.836061531874828 0.7931019177149929
1.8360715398650889 0.7587365404198971
1.83608154785535 0.8001768820485221
1.8360915473063704 0.8209089677517393
1.8361015552966313 0.7713224996241306
1.8361115632868923 0.7684471425098467
1.8361215712771533 0.7546976540412857
1.8361315792674144 0.7857529134695047
1.8361415872576756 0.7687940261066828
1.8361515952479366 0.7799683859203876
1.8361615946989567 0.7904510851446739
1.8361716026892176 0.7811186371388367
1.836181610679479 0.785340509781224
1.83619161866974 0.7594321871947007
1.836201626660001 0.7775583687835035
1.836211634650262 0.7750719143527568
1.836221642640523 0.7735154631638993
1.836231650630784 0.7744083017245085
1.8362416586210453 0.7401504371846586
1.8362516580720654 0.7596490516497946
1.8362616660623263 0.7570106684548996
1.8362716740525875 0.7448142892744065
1.8362816820428485 0.7831122183281088
1.8362916900331094 0.7527729416032986
1.8363016980233706 0.7667733321415243
1.8363117060136316 0.7479731357556009
1.836321705464652 0.7337920462124969
1.8363317134549129 0.7353464497684512
1.8363417214451738 0.7443342445209123
1.836351729435435 0.7377173541956369
1.8363617374256962 0.7407215843247662
1.8363717454159572 0.7631870631586825
1.8363817534062181 0.7190614397737168
1.836391761396479 0.7378260762532648
1.8364017693867403 0.7379721967502465
1.8364117688377606 0.7390128670178971
1.8364217768280215 0.7495265134246641
1.8364317848182825 0.7590161207889379
1.8364417928085435 0.7338224599780503
1.8364518007988047 0.7483245617319754
1.8364618087890658 0.7438767757451703
1.8364718167793268 0.7372775331980985
1.836481816230347 0.7285745554798916
1.8364918242206079 0.6983385229490967
1.836501832210869 0.7629164864486715
1.8365118402011302 0.7199345233738123
1.8365218481913912 0.74871925132571
1.8365318561816522 0.7231060580688551
1.8365418641719133 0.7317639325300335
1.8365518721621743 0.7312148453563871
1.8365618801524353 0.715335865102702
1.8365718796034556 0.7268034832102312
1.8365818875937168 0.7710650174349536
1.8365918955839777 0.7256112375032044
1.8366019035742387 0.7538344835178441
1.8366119115644997 0.708940847341733
1.8366219195547608 0.7498993894360296
1.836631927545022 0.7364139384433199
1.8366419269960421 0.7309606532042205
1.836651934986303 0.7387746758102887
1.836661942976564 0.7575198193930527
1.8366719509668255 0.7269507684959551
1.8366819589570864 0.7249615944413952
1.8366919669473474 0.6984912981258516
1.8367019749376083 0.7468682541170747
1.8367119829278693 0.7133538344124736
1.8367219909181305 0.7269022280025368
1.8367319903691508 0.7396461482855423
1.8367419983594118 0.7382305270089428
1.8367520063496727 0.7519743033017865
1.836762014339934 0.7598729766895148
1.8367720223301949 0.7355615173300663
1.8367820303204558 0.7472277637064336
1.836792038310717 0.7252120305517437
1.8368020377617371 0.7136544858478765
1.8368120457519983 0.7234358058506336
1.8368220537422593 0.7533260750009306
1.8368320617325202 0.7633610560016013
1.8368420697227814 0.7426154834909579
1.8368520777130426 0.7275100547766632
1.8368620857033036 0.7347659122127617
1.8368720936935645 0.733619725349293
1.8368821016838255 0.7573663406048343
1.8368921011348458 0.7567387965755125
1.836902109125107 0.766420301267265
1.836912117115368 0.7290712957946471
1.836922125105629 0.7337058807219068
1.8369321330958899 0.766633865519991
1.836942141086151 0.7376443155612644
1.8369521490764122 0.7676990443728032
1.8369621485274323 0.7360189566157639
1.8369721565176933 0.7437380486769601
1.8369821645079543 0.7387661704014707
1.8369921724982154 0.7449274877620619
1.8370021804884766 0.7716937804137122
1.8370121884787376 0.7372401859703911
1.8370221964689986 0.7400430766319775
1.8370322044592597 0.7150345053286052
1.8370422124495207 0.7207522386879835
1.837052211900541 0.7720154646406066
1.837062219890802 0.7600654650063812
1.837072227881063 0.7301582556623364
1.8370822358713241 0.7769248274377992
1.837092243861585 0.702661243609753
1.837102251851846 0.7771001629011222
1.8371122598421072 0.7136676319704005
1.8371222592931276 0.7598327352947646
1.8371322672833885 0.73735902462575
1.8371422752736495 0.7266763062964968
1.8371522832639104 0.7605013686927021
1.8371622912541714 0.7357885072066817
1.8371722992444328 0.7594444278939811
1.8371823072346938 0.7315432375341108
1.8371923152249547 0.7417012313244085
1.8372023232152157 0.7430892866643011
1.8372123226662362 0.7308563085081116
1.8372223306564972 0.7425299916452532
1.8372323386467582 0.7384787451658495
1.8372423466370191 0.71801579828848
1.83725235462728 0.7299800647485162
1.8372623626175413 0.7190183928583227
1.8372723706078022 0.7355801481888442
1.8372823700588226 0.7223239251450965
1.8372923780490835 0.7292190406480992
1.8373023860393447 0.7242324834522001
1.8373123940296057 0.7380588632715933
1.8373224020198666 0.7266712866117441
1.8373324100101278 0.7217569923516953
1.8373424180003888 0.6956215055358634
1.83735242599065 0.7257081493082311
1.837362433980911 0.700011218261484
1.837372433431931 0.7169683755804216
1.8373824414221922 0.7374150552071173
1.8373924494124534 0.723790702416131
1.8374024574027144 0.7382135288185746
1.8374124653929753 0.7261126451489658
1.8374224733832363 0.7141065227498017
1.8374324813734975 0.7152601015169953
1.8374424808245178 0.7433682362981274
1.8374524888147787 0.7017315452492147
1.8374624968050397 0.7001966038757574
1.8374725047953007 0.7107665812499685
1.8374825127855619 0.7188247136274659
1.837492520775823 0.7146032713367698
1.837502528766084 0.6973358615035097
1.837512536756345 0.702111360200219
1.8375225447466061 0.6859492727603761
1.8375325441976262 0.7185566285096142
1.8375425521878874 0.7058688225346997
1.8375525601781484 0.6971656807058028
1.8375625681684093 0.6886665676167548
1.8375725761586705 0.6782565554900312
1.8375825841489315 0.6871602040874148
1.8375925921391925 0.6843275115646095
1.8376025915902128 0.7062915330419511
1.837612599580474 0.6987921216526851
1.837622607570735 0.6958425790816515
1.8376326155609959 0.6846301171368463
1.8376426235512568 0.6768275060869477
1.8376526315415178 0.6826419921100868
1.8376626395317792 0.6780660495503725
1.8376726475220402 0.6877363826357523
1.8376826555123011 0.6761218949766872
1.8376926549633212 0.7068088846679553
1.8377026629535826 0.7052011307590892
1.8377126709438436 0.6922006455760772
1.8377226789341046 0.7070530499715965
1.8377326869243655 0.6704848976139391
1.8377426949146265 0.7016507600699027
1.8377527029048877 0.7085752847801678
1.837762702355908 0.6848177367133996
1.837772710346169 0.6912354454985973
1.83778271833643 0.687467228155796
1.837792726326691 0.6822240103483634
1.837802734316952 0.7077713845901888
1.837812742307213 0.6938650298416595
1.8378227502974742 0.706773080847587
1.8378327582877352 0.7054885993883075
1.8378427662779964 0.6863110636912546
1.8378527657290165 0.7014989091094558
1.8378627737192774 0.7105914865632711
1.8378727817095386 0.7027275821705864
1.8378827896997998 0.6951139431144879
1.8378927976900608 0.7116492565660503
1.8379028056803217 0.7056169424160698
1.8379128136705827 0.7187700955852625
1.837922813121603 0.7378056896470263
1.8379328211118642 0.6937851502762707
1.8379428291021251 0.721331669555591
1.837952837092386 0.7218882949379969
1.837962845082647 0.7266478618746992
1.8379728530729083 0.713955263996393
1.8379828610631694 0.7528717475411306
1.8379928690534304 0.7472312048253756
1.8380028770436914 0.7008547159636055
1.8380128764947115 0.7126807034593207
1.8380228844849726 0.7593604956322413
1.8380328924752338 0.720924857065018
1.8380429004654948 0.7442759744420522
1.8380529084557558 0.7284537779382262
1.838062916446017 0.736736183521685
1.838072924436278 0.7270110301696627
1.8380829238872982 0.7008514884157941
1.8380929318775592 0.7070790992484447
1.8381029398678201 0.7317049617010162
1.8381129478580813 0.7469714449075802
1.8381229558483423 0.7145144233791838
1.8381329638386033 0.7271985428805826
1.8381429718288642 0.7305164500661898
1.8381529798191256 0.7790117351513144
1.8381629878093866 0.7256864265713902
1.8381729872604067 0.7616053742924502
1.8381829952506676 0.725083462543941
1.8381930032409286 0.7112544555725832
1.83820301123119 0.7150542627350779
1.838213019221451 0.7069700243061678
1.838223027211712 0.7063809850055693
1.838233035201973 0.6980587897964865
1.8382430346529932 0.6871602040874148
1.8382530426432544 0.6983915884329727
1.8382630506335154 0.6846963299407469
1.8382730586237763 0.6878440739313525
1.8382830666140373 0.6911447286312463
1.8382930746042985 0.6723725890070815
1.8383030825945594 0.6666164093542312
1.8383130905848206 0.6881514035536679
1.8383230985750816 0.6901412720488825
1.838333098026102 0.6633687363986103
1.8383431060163629 0.6939688870263417
1.8383531140066238 0.6886269259234311
1.838363121996885 0.6942853477979933
1.8383731299871462 0.6757841476446682
1.8383831379774072 0.6649867622786351
1.8383931459676681 0.6708014612705392
1.8384031454186882 0.6519585722445468
1.8384131534089494 0.6922484627542405
1.8384231613992106 0.6913166233149945
1.8384331693894715 0.6618216956881123
1.8384431773797325 0.6797183586065312
1.8384531853699935 0.648519441472266
1.8384631933602547 0.6937212532450933
1.8384732013505158 0.6541811109469536
1.8384832093407768 0.6805593421588001
1.838493208791797 0.6540832082747643
1.8385032167820579 0.6538633572235519
1.838513224772319 0.6530012310261882
1.8385232327625802 0.687587543018979
1.8385332407528412 0.6579047167226852
1.8385432487431022 0.6802522704797161
1.8385532567333633 0.679081657486533
1.8385632561843834 0.6642996138636814
1.8385732641746444 0.6659858470177129
1.8385832721649056 0.6661514844331651
1.8385932801551665 0.6767340053703353
1.8386032881454277 0.6935966709601371
1.8386132961356887 0.6659490442966143
1.8386233041259497 0.6958329657275605
1.8386333121162106 0.6880135634972974
1.838643320106472 0.6821124870673441
1.8386533195574921 0.6535096425664959
1.838663327547753 0.6684655032073347
1.838673335538014 0.6691816139063596
1.838683343528275 0.6610419182328335
1.8386933515185364 0.6535397384906984
1.8387033595087974 0.6521672710632352
1.8387133674990583 0.6203817306759959
1.8387233669500784 0.6292569196730834
1.8387333749403396 0.628849905515323
1.8387433829306008 0.5944372275947608
1.8387533909208618 0.5654640507956165
1.8387633989111227 0.5773936455699074
1.8387734069013837 0.557133149743229
1.8387834148916449 0.5188454350019336
1.8387934228819058 0.5390524198953724
1.838803430872167 0.4993556866785767
1.8388134303231871 0.46777068363633373
1.8388234383134483 0.44866893413805825
1.8388334463037093 0.440570079995252
1.8388434542939702 0.3983189789506371
1.8388534622842314 0.40133404285914703
1.8388634702744924 0.37052626614422124
1.8388734782647536 0.3424348839696793
1.8388834777157737 0.3084544215265044
1.8388934857060346 0.30550758698831715
1.8389034936962958 0.28733994215662995
1.838913501686557 0.2553900657965335
1.838923509676818 0.23967624941774174
1.838933517667079 0.21920275087223823
1.8389435256573399 0.20636022845715232
1.8389535336476008 0.18980078312065185
1.8389635416378622 0.1744046259178726
1.8389735410888823 0.15222044947934232
1.8389835490791433 0.14763114905373578
1.8389935570694043 0.12910141430940306
1.8390035650596654 0.11671186259910378
1.8390135730499266 0.10982241762126504
1.8390235810401876 0.09785364329874538
1.8390335890304486 0.09209562509752951
1.8390435884814686 0.08245803856582089
1.8390535964717298 0.07399476581032086
1.8390636044619908 0.067859397597425
1.839073612452252 0.06287644804733857
1.839083620442513 0.05868228280090184
1.8390936284327741 0.050414213934798474
1.839103636423035 0.04974185761377321
1.839113644413296 0.04390651832255205
1.839123652403557 0.03973479712776304
1.8391336518545773 0.03581384914952637
1.8391436598448385 0.03237747673622423
1.8391536678350995 0.030025828521496965
1.8391636758253604 0.0264065095902459
1.8391736838156214 0.02475694204495515
1.8391836918058828 0.023408522351974076
1.8391936997961438 0.020607817516869208
1.8392036992471639 0.018085311774157793
1.8392137072374248 0.016655397420134204
1.8392237152276858 0.015725084940303235
1.8392337232179472 0.013975810392059546
1.8392437312082082 0.012857780278411602
1.8392537391984691 0.012780092583022077
1.83926374718873 0.011086820086786067
1.8392737551789913 0.010015600657463694
1.8392837631692522 0.009516143885247226
1.8392937626202726 0.008839852122969387
1.8393037706105335 0.007760344481367466
1.8393137786007947 0.007397772984726261
1.8393237865910557 0.007118377243093262
1.8393337945813166 0.006241500361465085
1.8393438025715778 0.005504488896328018
1.8393538105618388 0.0051271615300011045
1.839363810012859 0.004828719744663259
1.83937381800312 0.004272637028977246
1.839383825993381 0.004134604757296697
1.8393938339836422 0.0037797928573273243
1.8394038419739034 0.0033704042984714177
1.8394138499641643 0.0032763025511836916
1.8394238579544253 0.0030966562615667025
1.8394338659446863 0.0027735627758785153
1.8394438739349472 0.0024926253070515947
1.8394538733859678 0.002363725280024118
1.8394638813762287 0.0021203179989468485
1.8394738893664897 0.002031767457418092
1.8394838973567507 0.0018483788905256464
1.8394939053470118 0.0017472377327444242
1.839503913337273 0.001618743360089859
1.839513921327534 0.0015335254930100674
1.839523920778554 0.0013334968680170035
1.839533928768815 0.0012272131493198553
1.8395439367590762 0.0011817646640589058
1.8395539447493372 0.0010891658101369593
1.8395639527395984 0.001017892700573746
1.8395739607298593 0.0009349018087306053
1.8395839687201205 0.0009204326166016346
1.8395939767103815 0.000847379591236523
1.8396039847006425 0.0007775261423537852
1.8396139841516628 0.0007245360515154536
1.8396239921419237 0.0007012776532618024
1.839634000132185 0.0006052293771135893
1.8396440081224459 0.000597248406918357
1.8396540161127068 0.0005443672631987267
1.8396640241029678 0.0005390871750095924
1.8396740320932292 0.0004600203033228196
1.8396840315442493 0.0004387124912104729
1.8396940395345103 0.00041919297889982045
1.8397040475247712 0.0004184436676284757
1.8397140555150322 0.0003720334589040021
1.8397240635052936 0.0003562558462835405
1.8397340714955546 0.00033262125665215614
1.8397440794858155 0.0003154125721156698
1.8397540874760765 0.0002892311071345674
1.8397640954663377 0.00028904802081698824
1.839774094917358 0.00026353178276931747
1.839784102907619 0.00024362171717101657
1.83979411089788 0.0002244274629552008
1.8398041188881409 0.000206034524639131
1.839814126878402 0.00019154066901748385
1.839824134868663 0.00017453920761682247
1.8398341428589242 0.00016854039211989077
1.8398441423099443 0.000145780689505628
1.8398541503002055 0.00013868069197857987
1.8398641582904665 0.00012707320977003902
1.8398741662807274 0.00012293909166114915
1.8398841742709884 0.00010757491212711327
1.8398941822612496 0.00010666771699443328
1.8399041902515108 8.968090867156046e-05
1.8399141982417717 9.278675787284464e-05
1.8399242062320327 8.383473579585659e-05
1.8399342056830528 7.300405775402776e-05
1.8399442136733142 6.832615785800578e-05
1.8399542216635751 6.997984883195374e-05
1.839964229653836 6.251208724438651e-05
1.839974237644097 5.6874160599474554e-05
1.839984245634358 5.432240636451025e-05
1.8399942536246192 5.456045708454032e-05
1.8400042530756395 4.840675832052831e-05
1.8400142610659005 4.4485246355833904e-05
1.8400242690561615 4.43117600068873e-05
1.8400342770464226 4.161136860046559e-05
1.8400442850366836 3.627404604979649e-05
1.8400542930269448 3.8893228936276093e-05
1.8400643010172058 3.568412072611292e-05
1.8400743090074667 3.761490765855764e-05
1.840084316997728 2.7928267786419193e-05
1.840094316448748 2.786493279778993e-05
1.8401043244390092 2.890307168357039e-05
1.8401143324292701 3.019750069956121e-05
1.8401243404195313 2.57929490346664e-05
1.8401343484097923 2.4926884421517604e-05
1.8401443564000532 2.536313889412873e-05
1.8401543643903142 2.2931792321788485e-05
1.8401643638413345 2.1061485528667862e-05
1.8401743718315957 2.1796863274524137e-05
1.8401843798218567 1.863807263916079e-05
1.8401943878121176 2.030023194155449e-05
1.8402043958023786 2.0390271099844233e-05
1.84021440379264 1.7443916534584175e-05
1.840224411782901 1.858814279112305e-05
1.840234419773162 1.799790686034649e-05
1.840244427763423 1.624239245974928e-05
1.840254427214443 1.6203095809214434e-05
1.8402644352047044 1.642706592301024e-05
1.8402744431949654 1.7305932282363966e-05
1.8402844511852263 1.7229314556089123e-05
1.8402944591754873 1.5987000921737074e-05
1.8403044671657485 1.3486647297707865e-05
1.8403144751560094 1.4567633274561359e-05
1.8403244746070297 1.594263121088017e-05
1.8403344825972907 1.5482746388897172e-05
1.840344490587552 1.3393404951836453e-05
1.8403544985778129 1.5904938714243858e-05
1.8403645065680738 1.560874551730655e-05
1.8403745145583348 1.5235931099130667e-05
1.840384522548596 1.4345675406039682e-05
1.8403945305388572 1.2584037389897253e-05
1.8404045385291181 1.4036893342677637e-05
1.8404145379801382 1.4451169667338416e-05
1.8404245459703992 1.390717757451205e-05
1.8404345539606606 1.4764100744808839e-05
1.8404445619509215 1.4223287871228212e-05
1.8404545699411825 1.3711027440074157e-05
1.8404645779314435 1.285268903174852e-05
1.8404745859217044 1.319292215847417e-05
1.840484585372725 1.3294775252393038e-05
1.840494593362986 1.1366270830243036e-05
1.840504601353247 1.0984568462807006e-05
1.8405146093435079 1.2350029642809858e-05
1.840524617333769 1.3713300726640983e-05
1.84053462532403 1.3841781838294828e-05
1.8405446333142912 1.2789689468205595e-05
1.8405546413045522 1.2889735332798163e-05
1.8405646492948131 1.2817696970522745e-05
1.8405746487458334 1.2029761024208696e-05
1.8405846567360944 1.2134139961052379e-05
1.8405946647263556 1.1728946356489662e-05
1.8406046727166165 1.1401841513962681e-05
1.8406146807068777 1.3282107777672838e-05
1.8406246886971387 1.3633363052473792e-05
1.8406346881481588 1.1507314957953407e-05
1.84064469613842 1.4863565455587472e-05
1.840654704128681 1.1845407344389352e-05
1.8406647121189421 1.2599142849300764e-05
1.840674720109203 1.1300352735378074e-05
1.840684728099464 1.095993554285223e-05
1.840694736089725 1.5805855237146685e-05
1.8407047440799864 1.118860649722295e-05
1.8407147520702474 1.1963796025501187e-05
1.8407247600605083 1.3643977671221492e-05
1.8407347680507693 1.07024695283019e-05
1.8407447675017894 1.1192523115794225e-05
1.8407547754920508 1.1929960342672383e-05
1.8407647834823118 1.3309446658010909e-05
1.8407747914725727 1.2106064960950124e-05
1.8407847994628337 1.0942889152532283e-05
1.840794798913854 1.3201369897562304e-05
1.8408048069041152 1.1631668060923886e-05
1.8408148148943762 1.1899069468329242e-05
1.8408248228846371 1.1055642837949813e-05
1.840834830874898 1.3380581881160896e-05
1.8408448388651593 1.262158801107521e-05
1.8408548468554202 1.2727233149496556e-05
1.8408648548456812 1.1110382224571753e-05
1.8408748628359424 1.1879823819319582e-05
1.8408848708262036 1.2909309110193682e-05
1.8408948702772236 1.255943203215386e-05
1.8409048782674846 1.3899974387144784e-05
1.8409148862577456 1.1134045711579057e-05
1.8409248942480068 1.263464372270747e-05
1.840934902238268 1.1360985354767406e-05
1.840944910228529 1.1780833009148928e-05
1.840954909679549 1.0816780080151504e-05
1.84096491766981 1.0744000008394966e-05
1.8409749256600714 1.1370851819152195e-05
1.8409849336503323 1.1293433528240213e-05
1.8409949416405933 1.254544295476239e-05
1.8410049496308543 1.077365340707527e-05
1.8410149576211152 1.1721494820933929e-05
1.8410249656113764 1.1117726857465113e-05
1.8410349736016376 1.168355480283707e-05
1.8410449815918986 1.1586146083935351e-05
1.8410549895821595 1.1955039076541946e-05
1.8410649890331798 1.319930304450382e-05
1.8410749970234408 1.3411334665479991e-05
1.841085005013702 1.1385864209288492e-05
1.841095013003963 1.3593240475811034e-05
1.841105020994224 1.2660795674242385e-05
1.841115028984485 1.35934595747269e-05
1.8411250284355052 1.0542727952346233e-05
1.8411350364257664 1.278209379273392e-05
1.8411450444160273 1.1899096866980793e-05
1.8411550524062885 1.2299713629203321e-05
1.8411650603965495 1.204497769209871e-05
1.8411750683868104 1.4310407473326087e-05
1.8411850763770714 1.1287558132382358e-05
1.8411950843673328 1.1290313468309397e-05
1.8412050923575938 1.1638982092701246e-05
1.8412151003478547 1.4155427833132332e-05
1.8412250997988748 1.1394650266087331e-05
1.8412351077891358 1.180567980336295e-05
1.8412451157793972 1.2075524405479199e-05
1.8412551237696582 1.0542533749909144e-05
1.8412651317599191 1.0233354051050935e-05
1.84127513975018 1.097033778408433e-05
1.8412851392012004 1.1086692445787531e-05
1.8412951471914616 1.0941805738030449e-05
1.8413051551817226 1.2574421094781611e-05
1.8413151631719835 1.2404492475531652e-05
1.8413251711622445 1.4519377602469713e-05
1.8413351791525057 1.0597733642468665e-05
1.8413451871427666 1.1328489331462039e-05
1.8413551951330276 1.3055965686355233e-05
1.8413652031232888 1.2747176524050928e-05
1.841375202574309 1.2449187270806061e-05
1.84138521056457 1.021176942122042e-05
1.841395218554831 1.1172876543868917e-05
1.841405226545092 1.0374352491002118e-05
1.8414152345353532 1.1475906469027499e-05
1.8414252425256143 1.1936499934631892e-05
1.8414352505158753 1.2575202868296024e-05
1.8414452499668954 1.1378394837852812e-05
1.8414552579571564 1.2332326096449736e-05
1.8414652659474178 1.1598184150767699e-05
1.8414752739376787 1.190389260267905e-05
1.8414852819279397 1.2195286289052463e-05
1.8414952899182007 1.344057968468919e-05
1.8415052979084616 1.2536144804285074e-05
1.8415153058987228 1.3167004985374982e-05
1.841525313888984 1.090993090212971e-05
1.841535313340004 1.0932890540651009e-05
1.841545321330265 1.0978070109519548e-05
1.8415553293205262 1.167425028658117e-05
1.8415653373107872 1.18027986952523e-05
1.8415753453010484 1.2335847731724192e-05
1.8415853447520685 1.1124026121345384e-05
1.8415953527423294 1.270641395905231e-05
1.8416053607325906 1.1284699532476867e-05
1.8416153687228516 1.1464840046996902e-05
1.8416253767131128 1.1070341033929867e-05
1.8416353847033737 1.1647346617865607e-05
1.841645392693635 1.2953048748912602e-05
1.8416554006838959 1.0467597143284147e-05
1.8416654086741568 1.2530517287439434e-05
1.8416754166644178 1.310427504807644e-05
1.8416854246546788 1.1639571702061605e-05
1.8416954241056993 1.2278180115500782e-05
1.8417054320959603 1.44024375244417e-05
1.8417154400862212 1.1490263811058275e-05
1.8417254480764822 1.2741424936119763e-05
1.8417354560667436 1.4359291104382759e-05
1.8417454640570046 1.1067588412762055e-05
1.8417554635080247 1.1746162372583212e-05
1.8417654714982856 1.4597315675610293e-05
1.8417754794885466 1.177719863622116e-05
1.841785487478808 1.3200792361922547e-05
1.841795495469069 1.1762699437633981e-05
1.84180550345933 1.3724167188065695e-05
1.8418155114495909 1.1515319705512846e-05
1.841825519439852 1.1899644853259895e-05
1.841835527430113 1.2294022397724254e-05
1.841845535420374 1.2292918434017908e-05
1.8418555434106352 1.498921883060983e-05
1.8418655428616553 1.1688048364053479e-05
1.8418755508519165 1.1846307455512797e-05
1.8418855588421774 1.3023208691425767e-05
1.8418955668324384 1.1345457152926292e-05
1.8419055748226996 1.0834852414209402e-05
1.8419155828129607 1.1759151887954305e-05
1.8419255822639808 1.413923784236337e-05
1.8419355902542418 1.3347778772511266e-05
1.8419455982445028 1.120838396151575e-05
1.841955606234764 1.2671586717311677e-05
1.8419656142250251 1.2098986718872902e-05
1.841975622215286 1.1028920342567027e-05
1.841985630205547 1.1290209481158311e-05
1.841995638195808 1.4219456598645263e-05
1.8420056461860692 1.0884638253061464e-05
1.8420156541763304 1.094404827285566e-05
1.8420256621665914 1.2798645204171528e-05
1.8420356616176115 1.1722061619161476e-05
1.8420456696078724 1.3150128600791552e-05
1.8420556775981336 1.0427231124744999e-05
1.8420656855883948 1.0753726825590733e-05
1.8420756935786557 1.2471939630051966e-05
1.8420856930296758 1.2631036787214982e-05
1.842095701019937 1.3411797884568605e-05
1.842105709010198 1.363851230913318e-05
1.8421157170004592 1.1255764553219945e-05
1.8421257249907201 1.277079695404919e-05
1.8421357329809813 1.0643145516374452e-05
1.8421457409712423 1.1352303674588708e-05
1.8421557489615032 1.2905712912481418e-05
1.8421657569517642 1.1703021422158933e-05
1.8421757564027845 1.1421811802345935e-05
1.8421857643930457 1.2814008271648279e-05
1.8421957723833067 1.1253069470937213e-05
1.8422057803735676 1.161844482760279e-05
1.8422157883638286 1.141021952410006e-05
1.84222579635409 1.0965438412012413e-05
1.842235804344351 1.2264617265827695e-05
1.842245803795371 1.348102766713303e-05
1.842255811785632 1.2474352150346746e-05
1.842265819775893 1.1205416404783564e-05
1.8422758277661542 1.211864322623536e-05
1.8422858357564154 1.21469152110868e-05
1.8422958437466763 1.2371062471253958e-05
1.8423058517369373 1.3146071801807395e-05
1.8423158597271985 1.2733359480797973e-05
1.8423258677174594 1.187063632725636e-05
1.8423358671684797 1.1633248359688787e-05
1.8423458751587407 1.3221356022579006e-05
1.8423558831490017 1.1917495592992149e-05
1.8423658911392629 1.0929819754871265e-05
1.8423758991295238 1.1976254048925102e-05
1.8423859071197848 1.1805951642315868e-05
1.842395906570805 1.611202028552921e-05
1.8424059145610663 1.2943776339759364e-05
1.8424159225513272 1.2001844621629321e-05
1.8424259305415882 1.2595807072144078e-05
1.8424359385318492 1.1218479534220361e-05
1.8424459465221104 1.246702986961631e-05
1.8424559545123715 1.1208771092068645e-05
1.8424659625026325 1.147165295306241e-05
1.8424759704928935 1.1529699808733144e-05
1.8424859784831544 1.2125732967913393e-05
1.842495977934175 1.2118503706002308e-05
1.842505985924436 1.14228638385369e-05
1.842515993914697 1.2073522616999177e-05
1.8425260019049579 1.3888201214291422e-05
1.8425360098952188 1.3020120391902323e-05
1.84254601788548 1.1988890676518146e-05
1.8425560173365003 1.1529620164663519e-05
1.8425660253267613 1.2866398550196067e-05
1.8425760333170222 1.0638220799700174e-05
1.8425860413072834 1.3295816113080455e-05
1.8425960492975444 1.1383164186594753e-05
1.8426060572878056 1.0626567372614947e-05
