5.453772956489786 0.00013615888928457368
5.457108597441767 0.00018163310197724867
5.460444238393748 0.00014287228809569706
5.463779879345731 0.0001245905204486335
5.467115520297712 0.0001922551578735571
5.470451161249693 0.3720437387103811
5.4737868022016745 0.6209762637724588
5.4771224431536565 0.571139240920789
5.4804580841056385 0.4942378480391128
5.48379372505762 0.44903583400465213
5.487129366009601 0.6573247728334084
5.490465006961583 0.9216265981462751
5.493800647913564 0.9034663880489642
5.497136288865546 0.6313831681684842
5.500471929817527 0.6149092130040483
5.503807570769508 0.7669410787679799
5.50714321172149 0.8891130813830549
5.510478852673471 0.0025473053046477932
5.513814493625453 0.0001302464814918907
5.5171501345774345 0.0001473767584533923
5.5204857755294166 0.0001494603517434377
5.523821416481398 0.0001860133010716078
5.527157057433379 0.00019021641837796356
5.530492698385361 0.0044541721690955225
5.533828339337343 0.9635361207577116
5.537163980289324 0.9278440775914675
5.540499621241305 0.7486416758044128
5.543835262193286 0.7644410493880567
5.547170903145269 0.9587182619052644
5.55050654409725 0.9017185416972825
5.553842185049231 0.7271650549211884
5.557177826001213 0.5415530423907338
5.560513466953194 0.5713733761118392
5.563849107905177 0.6066706712260818
5.567184748857158 0.6838880262178937
5.570520389809139 0.327379891175191
5.57385603076112 0.0002166795874324568
5.577191671713102 0.0001732890017788647
5.580527312665084 0.00014641885286443057
5.583862953617065 0.00020731322134929578
5.587198594569046 0.00014820607300854537
