1.8975794247632471 0.0009262260685301563
1.8977128504013268 0.0009729421087898082
1.897846276039406 0.0014088540345089625
1.897979701677485 0.0017273724948658133
1.8981131273155645 0.3360469824606995
1.8982465529536436 0.3605313211356749
1.8983799785917228 0.38185809356343714
1.898513404229802 0.42225033227898706
1.8986468298678814 0.466584169770422
1.8987802555059607 0.4911939398291753
1.89891368114404 0.53173959445007
1.8990471067821193 0.5558607384008248
1.8991805324201985 0.548052294088615
1.8993139580582776 0.013128164199992612
1.899447383696357 0.0008253763108092327
1.8995808093344362 0.0016766329620784505
1.8997142349725153 0.0013109858373229846
1.899847660610595 0.0011121208936295576
1.8999810862486741 0.001266021263647974
1.9001145118867533 0.0008649300780209707
1.9002479375248327 0.0015064752464969003
1.9003810295988166 0.001246878108282415
1.900514455236896 0.0012035801041568807
1.9006478808749752 0.0011106775663395857
1.9007813065130543 0.0013302981894413764
1.9009147321511337 0.0014277823204707956
1.9010481577892129 0.0013540415771999528
1.901181583427292 0.002314712196494623
1.9013150090653712 0.8583808100801493
1.9014484347034508 0.9786355771994609
1.90158186034153 0.8856415839815611
1.9017152859796091 0.9037118977725517
1.9018487116176885 0.8831510711178767
1.9019821372557677 0.7592765726465258
1.9021155628938469 0.7110694168449757
1.9022489885319263 0.6907613029155928
1.9023824141700054 0.6920795235068753
1.9025158398080848 0.001748739017358859
1.9026492654461642 0.0008856028387920304
1.9027826910842434 0.0014294435192041205
1.9029161167223225 0.0012193068116737324
1.9192213968237988 0.0013821080611379638
1.919354822461878 0.0012131122828119632
1.919488248099957 0.004266148807502775
1.9196216737380365 0.7143663679972692
1.9197550993761157 0.6983642511649906
1.9198885250141948 0.7405374051828382
1.920021950652274 0.7903255095394683
1.9201553762903534 0.8847529105503416
1.9202888019284328 0.9309363748549839
1.920422227566512 0.8922385840839498
1.9205556532045913 0.991573701732807
1.9206890788426705 0.8243981338177858
1.9208225044807496 0.0013992103210955403
1.920955930118829 0.001201467423857759
1.9210893557569082 0.0015936281772764957
1.9212227813949874 0.0007709993288490343
1.921356207033067 0.0006826954368054404
1.9214896326711461 0.0011549441940917708
1.9216230583092253 0.0013018111891181948
1.9217564839473047 0.0009842513066195034
1.9218895760212886 0.0007809729647613834
1.922023001659368 0.0015687870656523218
1.9221564272974472 0.0008759412929477051
1.9222898529355263 0.0010617615646483477
1.9224232785736057 0.0014265434367320745
1.922556704211685 0.0015353981040751
1.922690129849764 0.02225983803313684
1.9228235554878434 0.5691857255517297
1.9229569811259228 0.5634624768598063
1.923090406764002 0.5387335222457487
1.9232238324020812 0.5098471547214724
1.9233572580401606 0.4712821597731639
1.9234906836782397 0.4219723553647028
1.9236241093163189 0.3918916408830822
1.9237575349543983 0.36438878333918856
1.9238909605924774 0.3210768547482623
1.9240243862305568 0.0009439652347888776
1.9241578118686362 0.0011844698214098716
1.9242912375067154 0.0007898834238386434
1.9244246631447945 0.001134796532265856
