5.914424971958434 0.0001361250336120441
5.924431894814378 6.785986635515591e-05
5.934439151234418 0.718895888818989
5.944446074090363 0.7515242519783351
5.954452996946307 0.6602463363150207
5.964459919802252 0.6098822586445007
5.974467176222292 0.6071052660875211
5.984474099078236 0.8524325012758375
5.99448102193418 0.6424776139389929
6.004487944790125 0.00014885656738792673
6.01449486764607 0.00010678321688369236
6.024502124066109 0.0001247699496993364
6.034509046922055 9.294178305335171e-05
6.044515969777998 0.0001383531335843063
6.054522892633943 0.0001426017975507245
6.064530149053983 0.0001386337592800949
6.074537071909927 0.0001283603817386987
6.084543994765872 0.00011913407578193882
6.094551251185912 0.00011054650076748585
6.104558174041856 0.0001816080101701888
6.114565096897801 0.00015015403250066289
6.124572019753746 0.00017850648569411282
6.13457894260969 0.00015295264795432982
6.14458619902973 0.00022408149845752861
6.154593121885675 0.00012758540601060393
6.1646000447416185 0.00014082637490569593
6.174606967597564 0.0001879723625794571
6.184614224017603 0.00014388747782652188
6.194621146873548 0.00014548492684224288
6.204628069729493 0.00017394461966740635
6.214635326149532 0.00016206192752710798
6.224642249005477 0.00024018893693975404
6.234649171861421 0.5059306612017124
6.244656094717366 0.689677408177434
6.254663351137405 0.5229233081775042
6.26467027399335 0.5013719118446401
6.274677196849296 0.5971548996000964
6.284684119705239 0.5304763173819517
6.294691042561184 0.5071681824958226
6.304698298981223 0.00025411599382350793
6.314705221837168 0.00022848042608650994
