1.89984799417469 0.0009376354095533424
1.8998680080204018 0.0009671258687857251
1.8998880218661138 0.001490712866764792
1.8999080357118256 0.0007766511685095533
1.8999280495575375 0.0010290085895289518
1.8999480634032493 0.0013860503281425318
1.899968077248961 0.0015077002262371827
1.899987757530578 0.001582085681433793
1.9000077713762897 0.0012962148720513274
1.9000277852220018 0.001675490616754862
1.9000477990677138 0.010111067274529487
1.9000678129134256 0.9395632035318507
1.9000878267591375 0.9250559481001985
1.9001078406048493 0.9585527114220854
1.900127854450561 0.9585527114220854
1.9001478682962731 0.9573682047753458
1.900167882141985 0.005738032450526026
1.9001878959876968 0.0014008640814601608
1.9002079098334088 0.0013175678831824095
1.9002279236791206 0.001009473679836435
1.9002479375248327 0.0007092755676430354
1.9002676178064493 0.0013190887001128348
1.900287631652161 0.0009683335964195071
1.9003076454978731 0.001243148470569466
1.900327659343585 0.0009429637551259768
1.9003476731892968 0.00846123973054615
1.9003676870350086 0.9374087434968816
1.9003877008807204 0.9176477413603192
1.9004077147264327 0.9378146224591809
1.9004277285721445 0.8913638152429308
1.9004477424178563 0.9816213599232678
1.9004677562635681 0.007089130971422048
1.90048777010928 0.0017410209616744133
1.900507783954992 0.0015249232990978633
1.9005274642366086 0.0013310396722055957
1.9005474780823204 0.0011402051545579576
1.9005674919280324 0.0011114834488896508
1.9005875057737442 0.0008998891177974485
1.900607519619456 0.0009825733935789156
1.9006275334651679 0.0010487404038793827
1.90064754731088 0.0007806044091280027
1.9213815579043019 0.0008041591354434485
1.9214015717500137 0.0012687702885671647
1.9214215855957255 0.001331134685391912
1.9214415994414376 0.0016707251105962592
1.9214616132871494 0.0007795679933072886
1.9214816271328614 0.0015920217620291363
1.9215016409785732 0.0015087351204570065
1.921521654824285 0.0016194703456818144
1.9215416686699969 0.8024666639478233
1.9215616825157087 0.9055303274286556
1.9215816963614207 0.9664024003969441
1.9216017102071328 0.8717199795624749
1.9216217240528446 0.9484708762902808
1.9216417378985564 0.05359792788033297
1.9216617517442682 0.0013193165183319673
1.9216817655899803 0.0007345307811586666
1.921701779435692 0.0009525833800456056
1.921721793281404 0.001648003007798069
1.9217418071271157 0.0022019375620815776
1.9217618209728276 0.0011798070853410358
1.9217821683826348 0.0009484031767245835
1.9218021822283466 0.0006991284895024601
1.9218221960740587 0.0017544661761765554
1.9218422099197705 0.7493453212285501
1.9218622237654823 0.9290754834173791
1.9218822376111941 0.9945875075417258
1.9219022514569062 0.915933619154018
1.9219222653026182 0.9511127421522906
1.92194227914833 0.061193740431003604
1.9219622929940419 0.002532940569273294
1.9219823068397537 0.0009623875586768582
1.9220023206854655 0.0008228979871134799
1.9220223345311775 0.001486832343973573
1.9220423483768894 0.0008828887846403705
1.9220623622226014 0.0008936017281560049
1.9220823760683132 0.0010531324625620184
1.922102389914025 0.0008310018679406474
1.9221224037597369 0.0007584273746114043
1.922142417605449 0.000870185815942474
1.9221624314511607 0.001370992250633959
