1409.2406729406061 1e-10
1422.2859406323626 1e-10
1435.5409800294715 1e-10
1449.0611532787905 1e-10
1462.8566078695835 1e-10
1476.8856321919716 1e-10
1491.2074679669995 1e-10
1505.8086568939684 1e-10
1520.6893589001766 1e-10
1535.8411571641614 1e-10
1551.3556909544327 1e-10
1567.1512559541952 1e-10
1583.2742903962542 1e-10
1599.746600138538 1e-10
1616.5535079211122 1e-10
1633.7213149169374 1e-10
1651.2672237491856 1e-10
1669.1718153662289 1e-10
1687.5002636719162 1e-10
1706.1731049108782 1e-10
1725.3412077906057 1e-10
1744.9037903672586 1e-10
1764.9119617790666 1e-10
1785.417778833158 1e-10
1806.3420669972272 1e-10
1827.8010365459677 1e-10
1832.8496137727652 1e-10
1853.898005947305 1e-10
1875.4811781397664 1e-10
1897.5296062056807 1e-10
1920.1118273128227 1e-10
1943.2342413419196 1e-10
1966.9474156277904 1e-10
1991.2722537119805 1e-10
2016.141226660645 1e-10
2041.6663263889457 1e-10
2067.8032691969684 1e-10
2094.6948710348734 1e-10
2122.2140634881557 1e-10
2150.5491965010565 1e-10
2179.6179565645734 1e-10
2209.468678019653 3.375e-06
2240.1408600572804 9.5125e-06
2271.702425155924 2.376875e-05
2304.168702015687 6.0025e-05
2320.732144576971 8.203124e-05
2337.5354428811524 0.00023145
2354.6420590873877 0.0003832937
2376.6291793024116 0.002593919
2380.986395043739 0.003278263
2385.294184294985 0.004139075
2389.5519231711264 0.005576082
2393.945233714888 0.007633206
2398.346100529075 0.01056624
2402.688127477021 0.01481387
2407.08935958184 0.02087441
2411.492207262932 0.03033567
2415.957885022148 0.04525102
2420.3551871237105 0.06588587
2424.81556246628 0.1045224
2429.277654289497 0.1611643
2433.8035847492997 0.2532043
2438.3404654791952 0.3910989
2442.82566530357 0.5741006
2447.3902865526916 0.7768457
2451.9118782870946 0.910141
2456.522620274418 0.9880209
2461.0992499800036 1.0
2465.708163713159 0.9611635
2470.3557312252965 0.930998
2475.0361664659827 0.9210457
2479.6913280234876 0.9208705
2484.314658325994 0.9300147
2489.110143123833 0.9225196
2493.8060093243407 0.9525189
2498.5321123839744 0.9600255
2503.2197664245637 0.9733463
2508.0036667013605 0.9836029
2512.8090441023114 0.9480351
2517.629701988172 0.9159258
2522.4657102317515 0.8390771
2527.310751811766 0.7434402
2532.1648236727024 0.6164586
2537.015049573274 0.4980627
2541.942043721403 0.3744357
2546.865508946502 0.2640801
2551.788548593709 0.1786948
2556.782953416693 0.1153096
2561.77725859092 0.076707
2566.7746423199537 0.04948622
2571.781640308048 0.03239476
2576.8015708182375 0.02086684
2581.8378037854905 0.01371949
2586.967375754424 0.009452449
2591.9829965915424 0.006489968
2597.0990403719047 0.004406469
2602.252249321788 0.003089556
2607.44294588904 0.002222368
2612.606610678507 0.001603413
2617.807900020681 0.001229967
2622.6068712300025 0.0009786846
2623.0574620082916 0.0009323
2644.0826751770874 0.0003310063
2688.1937219923816 6.049375e-05
2733.752964413371 1.8075e-05
2780.9062973623104 5.1e-06
2829.630761481934 7.125e-07
2880.130412305069 1e-10
2932.572819448823 1e-10
2986.799838115449 1e-10
3043.255309339294 1e-10
3101.7177312795825 1e-10
3162.480333325427 1e-10
3225.8116545349267 1e-10
3291.61756670463 1e-10
3360.2545728864416 1e-10
3412.957634956877 1e-10
3431.7089910775567 1e-10
3450.655624568668 1e-10
3469.8126301179736 1e-10
3489.177443863496 1e-10
3508.7719298245615 1e-10
3528.587735687607 1e-10
3548.62233609357 1e-10
3568.8921088226584 1e-10
3589.3625651020634 1e-10
3610.1148197018406 1e-10
3631.0820624546113 1e-10
3652.2942799593134 1e-10
3673.7760355915425 1e-10
3695.491500369549 1e-10
3717.4652091724734 1e-10
3739.7297671270276 1e-10
3762.2272385252068 1e-10
3785.011355034065 1e-10
3808.065864307189 1e-10
3831.417624521073 1e-10
3855.0575463715236 1e-10
3878.9834735909108 1e-10
3903.1930070394083 1e-10
3927.7297721916734 1e-10
3952.5691699604745 1e-10
3977.701008148321 1e-10
4003.18653648304 1e-10
4028.9926309724774 1e-10
4055.1582626890972 1e-10
4081.6409829407817 1e-10
4108.463434675431 1e-10
4125.3955222957 1e-10
4152.832543256942 1e-10
4180.610745423799 1e-10
4208.771922440751 1e-10
4237.306090280044 1e-10
4266.2207043957005 1e-10
4295.541871868281 1e-10
4325.287577557812 1e-10
4355.4006968641115 1e-10
4385.955293957689 1e-10
4416.961130742049 1e-10
4448.388682409514 1e-10
4480.276701889108 1e-10
4512.635379061372 1e-10
4545.454545454545 1e-10
4578.744096281831 1e-10
4612.578039054698 1e-10
4646.850945285654 1e-10
4681.669858004953 1e-10
4716.970007146209 1e-10
4752.851711026616 1e-10
4789.272030651341 1e-10
4826.243179915106 1e-10
4863.8605433904995 1e-10
4901.972798952939 1e-10
4940.735873200954 1e-10
4980.0796812749 1e-10
5020.05512020522 1e-10
5060.728744939272 1e-10
5102.027800949487 1e-10
5144.0461523820795 1e-10
5186.695089755759 1e-10
5230.139200154812 1e-10
5274.2476944944765 1e-10
5319.205523463015 1e-10
5364.821257567752 1e-10
5411.255411255412 1e-10
5458.545079394538 1e-10
5506.607929515419 1e-10
5555.570987697189 1e-10
5605.3968761123215 1e-10
5656.0766059015505 1e-10
5707.778846400818 1e-10
5760.418436795249 1e-10
5813.919686513451 1e-10
5868.544600938967 1e-10
5924.135520524168 1e-10
5980.861244019139 1e-10
6038.629110419352 1e-10
6097.542385541507 1e-10
6157.6544262759435 1e-10
6218.866798092052 1e-10
6281.387307200668 1e-10
6345.258188555692 1e-10
6410.276956015885 1e-10
6476.70491160917 1e-10
6544.4383726599535 1e-10
6613.822227072359 1e-10
6684.536661341319 1e-10
6756.82523809363 1e-10
6830.577764420203 1e-10
6906.125042300016 1e-10
6983.2158407268125 1e-10
7062.146892655367 1e-10
7142.755103498522 1e-10
7225.459629550685 1e-10
7309.941520467836 1e-10
7396.394997078424 1e-10
7485.001927387995 1e-10
7575.671488581568 1e-10
7668.711656441717 1e-10
7763.975155279503 1e-10
7861.573415303339 1e-10
7961.75174461885 1e-10
8064.581165977145 1e-10
8169.934640522876 1e-10
8278.11143165798 1e-10
8389.226555257737 1e-10
8503.365206780583 1e-10
8620.615339522936 1e-10
8741.18233232227 1e-10
8865.248226950354 1e-10
8992.846190855176 1e-10
9124.087591240876 1e-10
9259.302126398734 1e-10
9398.496240601504 1e-10
9541.84816057022 1e-10
9689.922480620155 1e-10
9842.56812287462 1e-10
9999.90000099999 1e-10
