618.5496865499463 1e-10
623.5560779569809 1e-10
628.6599798200147 1e-10
633.834062242505 1e-10
639.0960625291588 1e-10
644.4565459062509 1e-10
649.8950419507249 1e-10
655.4389966539838 1e-10
661.0717957023722 1e-10
666.7955804788926 1e-10
672.6283963530088 1e-10
678.5687627655749 1e-10
684.6032724036421 1e-10
690.7460748354297 1e-10
697.0098278385725 1e-10
703.3857472946025 1e-10
709.8768718565765 1e-10
716.4837841807546 1e-10
723.2226802632531 1e-10
730.084215214225 1e-10
737.0771940945375 1e-10
744.2081996859441 1e-10
751.4813576262208 1e-10
758.8980799878576 1e-10
766.4509107352947 1e-10
774.1795632078905 1e-10
782.047321683435 1e-10
790.0828796940799 1e-10
798.2725382272762 1e-10
806.6370093126243 1e-10
815.1952392598027 1e-10
823.9234410338591 1e-10
832.8440374613249 1e-10
841.9670033131401 1e-10
851.2811781731506 6.204699e-05
860.8000275456009 0.0002600043
870.5455273547169 0.001082772
875.8868354208636 0.002959673
879.7279881060776 0.006429115
883.6185948697104 0.01581395
887.5516444113091 0.04409607
891.5079411069853 0.1369897
895.4876377931603 0.3755877
899.5192069838672 0.6430381
903.5790767228993 0.7335845
907.6839988926256 0.7475471
911.8180740578639 0.7810627
916.0151508905957 0.827652
920.2256393267629 0.8668822
924.4707405010631 0.9058991
928.7595023706587 0.9380751
933.1143624962676 0.9664091
937.4663098044915 0.993479
941.8945266509056 0.9979025
946.3379088771228 1.0
950.8324538133136 0.9918575
955.3881503207715 0.9845026
959.9554580667458 0.9787793
964.5852524560752 0.9707427
969.283408775892 0.9376082
973.9990941808423 0.8841413
978.7513090798759 0.6017629
983.5743090390479 0.1990487
988.4304219115256 0.05303791
993.3544586714878 0.01697545
998.3228176663207 0.006686827
1003.3013631353971 0.003338815
1008.3592985852719 0.002191734
1013.4874915373795 0.00189434
1018.6364634164354 0.002104616
1023.8689447750688 0.002003206
1029.1226266502624 0.001038674
1034.442272690362 0.0003747256
1040.7982506263004 0.0001272475
1055.0760235028736 3.791167e-05
1069.7469674010658 4.146726e-05
1084.8157792963993 1e-10
1100.3466642165615 1e-10
1116.3162456945079 1e-10
1132.769667146961 1e-10
1149.7047845539462 1e-10
1167.1233036592232 1e-10
1185.091782395817 1e-10
1203.6591237361579 1e-10
1222.7681882182617 1e-10
1242.5439596521126 1e-10
1262.9563534913796 1e-10
1284.043195213087 1e-10
1305.8069233883077 1e-10
1328.3546600674008 1e-10
1351.6920142711642 1e-10
1375.8924382327486 1e-10
1400.9330213922472 1e-10
1413.8182352862168 1e-10
1426.9589649410452 1e-10
1440.2954333992989 1e-10
1453.9036221827891 1e-10
1467.7692549309706 1e-10
1481.911784755277 1e-10
1496.3451769054086 1e-10
1511.020248426839 1e-10
1526.0256036575781 1e-10
1541.2975259092113 1e-10
1556.9060850895883 1e-10
1572.8290633645645 1e-10
1589.0747929832812 1e-10
1605.6402932220303 1e-10
1622.5903519155086 1e-10
1639.8792392928185 1e-10
1657.5377773578682 1e-10
1675.5835638657054 1e-10
1694.0538709130951 1e-10
1712.9256513185674 1e-10
1732.1971274975033 1e-10
1751.9010316069225 1e-10
1772.1195968073494 1e-10
1792.768509662574 1e-10
1813.920753430124 1e-10
1835.542714914519 1e-10
1839.9382516722737 1e-10
1862.1783203337768 1e-10
1885.0070310762258 1e-10
1908.3769158911498 1e-10
1932.3690167816587 1e-10
1956.9509920763055 1e-10
1982.166448463177 1e-10
2008.0341446125951 1e-10
2034.5735076149 1e-10
2061.8726752385587 1e-10
2089.8423213968504 1e-10
2118.64406779661 1e-10
2148.204637973813 1e-10
2178.646864219102 1e-10
2209.927658018115 1e-10
2242.190171359384 1e-10
2275.3128555176336 1e-10
2309.4714889971006 1e-10
2344.6658851113716 1e-10
2380.986395043739 1e-10
2418.344594757996 1e-10
2456.972273067898 1e-10
2496.8851357930985 1e-10
2538.0710659898477 1e-10
2580.631841900171 1e-10
2624.716694641772 1e-10
2670.2804462038625 1e-10
2717.4023807162257 1e-10
2766.1905130730165 1e-10
2816.9014084507044 1e-10
2869.4198750367646 1e-10
2924.036456886545 1e-10
2980.634815603027 1e-10
3039.550632834442 1e-10
3100.7800012093044 1e-10
3164.587005572838 1e-10
3230.9864524738045 1e-10
3300.3245869231237 1e-10
3372.7779717125113 1e-10
3412.957634956877 1e-10
3431.7089910775567 1e-10
3450.655624568668 1e-10
3469.8126301179736 1e-10
3489.177443863496 1e-10
3508.7719298245615 1e-10
3528.587735687607 1e-10
3548.62233609357 1e-10
3568.8921088226584 1e-10
3589.3625651020634 1e-10
3610.1148197018406 1e-10
3631.0820624546113 1e-10
3652.2942799593134 1e-10
3673.7760355915425 1e-10
3695.491500369549 1e-10
3717.4652091724734 1e-10
3739.7297671270276 1e-10
3762.2272385252068 1e-10
3785.011355034065 1e-10
3808.065864307189 1e-10
3831.417624521073 1e-10
3855.0575463715236 1e-10
3878.9834735909108 1e-10
3903.1930070394083 1e-10
3927.7297721916734 1e-10
3952.5691699604745 1e-10
3977.701008148321 1e-10
4003.18653648304 1e-10
4028.9926309724774 1e-10
4055.1582626890972 1e-10
4081.6409829407817 1e-10
4108.463434675431 1e-10
4125.3955222957 1e-10
4152.832543256942 1e-10
4180.610745423799 1e-10
4208.771922440751 1e-10
4237.306090280044 1e-10
4266.2207043957005 1e-10
4295.541871868281 1e-10
4325.287577557812 1e-10
4355.4006968641115 1e-10
4385.955293957689 1e-10
4416.961130742049 1e-10
4448.388682409514 1e-10
4480.276701889108 1e-10
4512.635379061372 1e-10
4545.454545454545 1e-10
4578.744096281831 1e-10
4612.578039054698 1e-10
4646.850945285654 1e-10
4681.669858004953 1e-10
4716.970007146209 1e-10
4752.851711026616 1e-10
4789.272030651341 1e-10
4826.243179915106 1e-10
4863.8605433904995 1e-10
4901.972798952939 1e-10
4940.735873200954 1e-10
4980.0796812749 1e-10
5020.05512020522 1e-10
5060.728744939272 1e-10
5102.027800949487 1e-10
5144.0461523820795 1e-10
5186.695089755759 1e-10
5230.139200154812 1e-10
5274.2476944944765 1e-10
5319.205523463015 1e-10
5364.821257567752 1e-10
5411.255411255412 1e-10
5458.545079394538 1e-10
5506.607929515419 1e-10
5555.570987697189 1e-10
