1391.405980958609 1e-10
1404.08222867164 1e-10
1417.0247015745979 1e-10
1430.2059496567506 1e-10
1443.6305576167392 1e-10
1457.3148827553744 1e-10
1471.2405573941976 1e-10
1485.439352110772 1e-10
1499.927253528204 1e-10
1514.6902231290167 1e-10
1529.756049802738 1e-10
1545.115041540418 1e-10
1560.779484490144 1e-10
1576.8045739947083 1e-10
1593.1177314003505 1e-10
1609.7823252339817 1e-10
1626.8230585900326 1e-10
1644.1919331011186 1e-10
1661.9522620832238 1e-10
1680.0990586404976 1e-10
1698.660945576602 1e-10
1717.6154344922945 1e-10
1737.0248585627508 1e-10
1756.8517217146873 1e-10
1777.1395872060166 1e-10
1797.9079543043713 1e-10
1815.8690613137267 1e-10
1833.8411545130373 1e-10
1852.2068581663336 1e-10
1870.9143906993106 1e-10
1890.0179646207537 1e-10
1909.4956353703515 1e-10
1929.3752200693611 1e-10
1949.6654861442148 1e-10
1970.4452910791047 1e-10
1991.6093498092537 1e-10
2013.2836454929625 1e-10
2035.3955282360243 1e-10
2058.038750811639 1e-10
2081.1806121376535 1e-10
2104.8045320651186 1e-10
2129.0434527123484 1e-10
2153.754370775276 1e-10
2179.1073722471065 1e-10
2205.078958364802 1e-10
2231.662153129962 1e-10
2258.871151730634 5.16759e-07
2286.723057257259 1.550277e-06
2315.3480952210057 3.938712e-06
2344.6658851113716 6.648545e-06
2374.710285345188 3.397375e-05
2405.5809477988932 6.656107e-05
2437.2054027969366 0.0001043601
2469.7639152673396 0.0002175618
2503.1508411212612 0.0005637713
2528.1541567278605 0.00115028
2532.376432691967 0.00136136
2536.6643117966305 0.001555461
2537.436706813144 0.001775735
2540.886032368347 0.001801837
2545.1768897938405 0.002134126
2549.472514136825 0.002468003
2553.759836763671 0.003020746
2558.0485159481536 0.003509908
2562.3417753953695 0.00423511
2566.7746423199537 0.005057841
2571.0774357102086 0.006194212
2575.4576910249166 0.007507574
2579.7796868147457 0.009510444
2584.2564512731983 0.01191988
2588.6817655845116 0.01499276
2593.132348288792 0.01948867
2597.5341608211324 0.02530002
2602.0321871381548 0.03363867
2606.4880701041034 0.04383558
2610.979691799957 0.06034422
2615.5005021760962 0.0797826
2619.978647174026 0.112259
2624.5651423629747 0.1532599
2629.1124247909524 0.2138463
2633.609598980266 0.2960373
2638.292708022784 0.4208138
2642.8458163750724 0.5415284
2647.5022801613386 0.688903
2652.104843008654 0.8323143
2656.804607961912 0.9346613
2661.4395992936543 0.9877827
2666.1725360233236 0.994606
2670.7582683337537 1.0
2675.5065402757377 0.9922247
2680.260950206112 0.9730144
2685.017868793917 0.950528
2689.777232649592 0.9592195
2694.61884616421 0.9704966
2699.3795476109817 0.9688978
2704.2192580974465 0.9686676
2709.058006350032 0.97909
2713.9030539551068 0.9734193
2718.754375495323 0.97053
2723.6082361913063 0.9583237
2728.553907357409 0.9467289
2733.4353815875793 0.9443771
2738.3306041304977 0.9312343
2743.329936176429 0.9195213
2748.272023964932 0.9110289
2753.326706993725 0.9441833
2758.2478506353627 0.9617031
2763.3698742943043 0.9891666
2768.357671811198 0.9629951
2773.467347275554 0.8793173
2778.530296399719 0.7089434
2783.6311354709765 0.5001493
2788.7662916240797 0.336654
2793.939944260898 0.2096495
2799.0583967553316 0.1316357
2804.301798959604 0.08385644
2809.4820017559264 0.05492752
2814.6853392892076 0.0357809
2819.915938305879 0.02436691
2825.170004605027 0.01701676
2830.4316691338595 0.01203846
2835.8054467315214 0.008623938
2841.0059433844335 0.006376767
2846.3956803099154 0.004744912
2851.7855742426727 0.003557904
2857.183674052487 0.002721794
2862.4875302886962 0.002130912
2867.9797233833556 0.001679347
2873.3774396770323 0.001324526
2894.3895153634194 0.000599182
2940.251156253767 0.0001285847
2987.799321470774 3.881994e-05
3036.6754477198365 1.571073e-05
3087.3869437493536 6.799791e-06
3139.6730658436536 1.348615e-06
3193.8983765414555 1e-10
3249.8817855500506 1e-10
3307.9722130334103 1e-10
3368.046667654627 1e-10
3412.957634956877 1e-10
3431.7089910775567 1e-10
3450.655624568668 1e-10
3469.8126301179736 1e-10
3489.177443863496 1e-10
3508.7719298245615 1e-10
3528.587735687607 1e-10
3548.62233609357 1e-10
3568.8921088226584 1e-10
3589.3625651020634 1e-10
3610.1148197018406 1e-10
3631.0820624546113 1e-10
3652.2942799593134 1e-10
3673.7760355915425 1e-10
3695.491500369549 1e-10
3717.4652091724734 1e-10
3739.7297671270276 1e-10
3762.2272385252068 1e-10
3785.011355034065 1e-10
3808.065864307189 1e-10
3831.417624521073 1e-10
3855.0575463715236 1e-10
3878.9834735909108 1e-10
3903.1930070394083 1e-10
3927.7297721916734 1e-10
3952.5691699604745 1e-10
3977.701008148321 1e-10
4003.18653648304 1e-10
4028.9926309724774 1e-10
4055.1582626890972 1e-10
4081.6409829407817 1e-10
4108.463434675431 1e-10
4125.3955222957 1e-10
4152.832543256942 1e-10
4180.610745423799 1e-10
4208.771922440751 1e-10
4237.306090280044 1e-10
4266.2207043957005 1e-10
4295.541871868281 1e-10
4325.287577557812 1e-10
4355.4006968641115 1e-10
4385.955293957689 1e-10
4416.961130742049 1e-10
4448.388682409514 1e-10
4480.276701889108 1e-10
4512.635379061372 1e-10
4545.454545454545 1e-10
4578.744096281831 1e-10
4612.578039054698 1e-10
4646.850945285654 1e-10
4681.669858004953 1e-10
4716.970007146209 1e-10
4752.851711026616 1e-10
4789.272030651341 1e-10
4826.243179915106 1e-10
4863.8605433904995 1e-10
4901.972798952939 1e-10
4940.735873200954 1e-10
4980.0796812749 1e-10
5020.05512020522 1e-10
5060.728744939272 1e-10
5102.027800949487 1e-10
5144.0461523820795 1e-10
5186.695089755759 1e-10
5230.139200154812 1e-10
5274.2476944944765 1e-10
5319.205523463015 1e-10
5364.821257567752 1e-10
5411.255411255412 1e-10
5458.545079394538 1e-10
5506.607929515419 1e-10
5555.570987697189 1e-10
5605.3968761123215 1e-10
5656.0766059015505 1e-10
5707.778846400818 1e-10
5760.418436795249 1e-10
5813.919686513451 1e-10
5868.544600938967 1e-10
5924.135520524168 1e-10
5980.861244019139 1e-10
6038.629110419352 1e-10
6097.542385541507 1e-10
6157.6544262759435 1e-10
6218.866798092052 1e-10
6281.387307200668 1e-10
6345.258188555692 1e-10
6410.276956015885 1e-10
6476.70491160917 1e-10
6544.4383726599535 1e-10
6613.822227072359 1e-10
6684.536661341319 1e-10
6756.82523809363 1e-10
6830.577764420203 1e-10
6906.125042300016 1e-10
6983.2158407268125 1e-10
7062.146892655367 1e-10
7142.755103498522 1e-10
7225.459629550685 1e-10
7309.941520467836 1e-10
7396.394997078424 1e-10
7485.001927387995 1e-10
7575.671488581568 1e-10
7668.711656441717 1e-10
7763.975155279503 1e-10
7861.573415303339 1e-10
7961.75174461885 1e-10
8064.581165977145 1e-10
8169.934640522876 1e-10
8278.11143165798 1e-10
8389.226555257737 1e-10
8503.365206780583 1e-10
8620.615339522936 1e-10
8741.18233232227 1e-10
8865.248226950354 1e-10
8992.846190855176 1e-10
9124.087591240876 1e-10
9259.302126398734 1e-10
9398.496240601504 1e-10
9541.84816057022 1e-10
9689.922480620155 1e-10
9842.56812287462 1e-10
9999.90000099999 1e-10
