624.4165607760249 1e-10
629.1266778022089 1e-10
633.916430796928 1e-10
638.7776351174393 1e-10
643.7098284835162 1e-10
648.7187804086929 1e-10
653.814846173712 1e-10
658.9742406969311 1e-10
664.2311524410495 1e-10
669.5748534468039 1e-10
674.9915626054674 1e-10
680.4989418241454 1e-10
686.1134076851563 1e-10
691.8045375459617 1e-10
697.5933031042902 1e-10
703.4822370735139 1e-10
709.4764773073949 1e-10
715.5635062611807 1e-10
721.7637017816736 1e-10
728.066982162359 1e-10
734.4840249724568 1e-10
741.0096998169706 1e-10
747.6551664841143 1e-10
754.4294438723355 1e-10
761.3247049866768 1e-10
768.3501217834943 1e-10
775.4943776657619 1e-10
782.7819286963941 1e-10
790.2077456163225 1e-10
797.7567081367196 1e-10
805.4772452678212 1e-10
813.3288329137912 1e-10
821.3552361396304 1e-10
829.5347554324156 1e-10
837.8788259641891 1e-10
846.38529998011 1e-10
855.0626119597608 1e-10
863.9346174281529 1e-10
872.9774204390204 1e-10
882.2076363893005 1e-10
891.666926736187 1e-10
901.3068949977468 1e-10
911.1700334399403 1e-10
921.2302108235338 1e-10
931.5280320073033 1e-10
942.0586808352293 1e-10
952.8346831824679 1e-10
963.8507766227633 1e-10
975.1388353916889 1e-10
986.6846901070058 1e-10
998.5072316886254 1e-10
1010.6093772422895 1e-10
1023.0022045697509 1e-10
1035.7209809106266 1.96164e-05
1048.7544991568013 3.235139e-05
1062.1230458927437 6.094873e-05
1075.8460722473671 0.0001268235
1089.8980618342766 0.000340191
1097.0710397381072 0.0006656353
1104.365889671639 0.001396205
1106.7897121682674 0.001751312
1109.254957815034 0.002163984
1111.7330639974696 0.003212634
1114.194334433229 0.004265125
1116.6927135242097 0.005562979
1119.1960590868366 0.008146803
1121.706249810712 0.01189534
1124.2201425398719 0.01760448
1126.738346004445 0.02614433
1129.3156798706257 0.04018978
1131.8439775713798 0.06380454
1134.4325228191103 0.1046864
1137.0025542762382 0.1708306
1139.5836075456389 0.2841035
1142.2051069132533 0.4563245
1144.8164143777494 0.6578724
1147.420598494584 0.8251976
1150.0723683037756 0.9297309
1152.7184848207148 0.9724723
1155.3868177296417 0.9810115
1158.0775911986102 0.9856838
1160.7890115069015 0.9965384
1163.4596869944403 1.0
1166.2052381274475 0.9998801
1168.9050223757645 0.9915476
1171.6454764818534 0.9965235
1174.3939833447444 0.980291
1177.1810516229204 0.9971479
1179.9430913447043 0.997567
1182.7405043678607 0.9356069
1185.5441855281808 0.802386
1188.3534234382512 0.6206073
1191.1987092170787 0.4404808
1194.024147944368 0.282724
1196.889523506312 0.1731782
1199.7701240442332 0.1041983
1202.6371427265708 0.06475095
1205.5556828086553 0.04004821
1208.4643258309854 0.02458088
1211.3995116848566 0.01543358
1214.3290831815423 0.01034725
1217.281748990417 0.006765973
1220.2592318712188 0.004559572
1223.2251309156698 0.00318037
1226.2438250959383 0.002447657
1235.3228207361287 0.0009032632
1244.5573949422433 0.0003950543
1263.4350524894091 8.179349e-05
1282.857179510205 1.806213e-05
1302.9290496500657 1e-10
1323.6398772985833 1e-10
1344.9799631609988 1e-10
1367.0278354207849 1e-10
1389.8762801629211 1e-10
1413.4225674114227 1e-10
1413.8182352862168 1e-10
1426.9589649410452 1e-10
1440.2954333992989 1e-10
1453.9036221827891 1e-10
1467.7692549309706 1e-10
1481.911784755277 1e-10
1496.3451769054086 1e-10
1511.020248426839 1e-10
1526.0256036575781 1e-10
1541.2975259092113 1e-10
1556.9060850895883 1e-10
1572.8290633645645 1e-10
1589.0747929832812 1e-10
1605.6402932220303 1e-10
1622.5903519155086 1e-10
1639.8792392928185 1e-10
1657.5377773578682 1e-10
1675.5835638657054 1e-10
1694.0538709130951 1e-10
1712.9256513185674 1e-10
1732.1971274975033 1e-10
1751.9010316069225 1e-10
1772.1195968073494 1e-10
1792.768509662574 1e-10
1813.920753430124 1e-10
1835.542714914519 1e-10
1839.9382516722737 1e-10
1862.1783203337768 1e-10
1885.0070310762258 1e-10
1908.3769158911498 1e-10
1932.3690167816587 1e-10
1956.9509920763055 1e-10
1982.166448463177 1e-10
2008.0341446125951 1e-10
2034.5735076149 1e-10
2061.8726752385587 1e-10
2089.8423213968504 1e-10
2118.64406779661 1e-10
2148.204637973813 1e-10
2178.646864219102 1e-10
2209.927658018115 1e-10
2242.190171359384 1e-10
2275.3128555176336 1e-10
2309.4714889971006 1e-10
2344.6658851113716 1e-10
2380.986395043739 1e-10
2418.344594757996 1e-10
2456.972273067898 1e-10
2496.8851357930985 1e-10
2538.0710659898477 1e-10
2580.631841900171 1e-10
2624.716694641772 1e-10
2670.2804462038625 1e-10
2717.4023807162257 1e-10
2766.1905130730165 1e-10
2816.9014084507044 1e-10
2869.4198750367646 1e-10
2924.036456886545 1e-10
2980.634815603027 1e-10
3039.550632834442 1e-10
3100.7800012093044 1e-10
3164.587005572838 1e-10
3230.9864524738045 1e-10
3300.3245869231237 1e-10
3372.7779717125113 1e-10
3412.957634956877 1e-10
3431.7089910775567 1e-10
3450.655624568668 1e-10
3469.8126301179736 1e-10
3489.177443863496 1e-10
3508.7719298245615 1e-10
3528.587735687607 1e-10
3548.62233609357 1e-10
3568.8921088226584 1e-10
3589.3625651020634 1e-10
3610.1148197018406 1e-10
3631.0820624546113 1e-10
3652.2942799593134 1e-10
3673.7760355915425 1e-10
3695.491500369549 1e-10
3717.4652091724734 1e-10
3739.7297671270276 1e-10
3762.2272385252068 1e-10
3785.011355034065 1e-10
3808.065864307189 1e-10
3831.417624521073 1e-10
3855.0575463715236 1e-10
3878.9834735909108 1e-10
3903.1930070394083 1e-10
3927.7297721916734 1e-10
3952.5691699604745 1e-10
3977.701008148321 1e-10
4003.18653648304 1e-10
4028.9926309724774 1e-10
4055.1582626890972 1e-10
4081.6409829407817 1e-10
4108.463434675431 1e-10
4125.3955222957 1e-10
4152.832543256942 1e-10
4180.610745423799 1e-10
4208.771922440751 1e-10
4237.306090280044 1e-10
4266.2207043957005 1e-10
4295.541871868281 1e-10
4325.287577557812 1e-10
4355.4006968641115 1e-10
4385.955293957689 1e-10
4416.961130742049 1e-10
4448.388682409514 1e-10
4480.276701889108 1e-10
4512.635379061372 1e-10
4545.454545454545 1e-10
4578.744096281831 1e-10
4612.578039054698 1e-10
4646.850945285654 1e-10
4681.669858004953 1e-10
4716.970007146209 1e-10
4752.851711026616 1e-10
4789.272030651341 1e-10
4826.243179915106 1e-10
4863.8605433904995 1e-10
4901.972798952939 1e-10
4940.735873200954 1e-10
4980.0796812749 1e-10
5020.05512020522 1e-10
5060.728744939272 1e-10
5102.027800949487 1e-10
5144.0461523820795 1e-10
5186.695089755759 1e-10
5230.139200154812 1e-10
5274.2476944944765 1e-10
5319.205523463015 1e-10
5364.821257567752 1e-10
5411.255411255412 1e-10
5458.545079394538 1e-10
5506.607929515419 1e-10
5555.570987697189 1e-10
