621.2356999307322 1e-10
626.2897654857974 1e-10
631.4327208435941 1e-10
636.6608412199695 1e-10
641.9741990569398 1e-10
647.3748948015796 1e-10
652.8693608408958 1e-10
658.457891617831 1e-10
664.1407181353585 1e-10
669.9269779594024 1e-10
675.8149483508425 1e-10
681.8050105850227 1e-10
687.8974757602127 1e-10
694.1070313042271 1e-10
700.4272606289837 1e-10
706.866144292586 1e-10
713.4194192765927 1e-10
720.1031187666074 1e-10
726.8947420068837 1e-10
733.8372349012989 1e-10
740.8998970149142 1e-10
748.113818036276 1e-10
755.463892603253 1e-10
762.9569158229635 4.7669e-05
770.6000662716057 0.000238225
778.4009309675134 0.0009425082
782.353240311533 0.002156813
786.3520734138295 0.004242566
790.382624228389 0.01011182
794.467329517242 0.02661014
798.604040137839 0.07826662
802.755055349961 0.2449681
806.9787522494534 0.5699053
811.2306774993002 0.799653
815.5209955880314 0.8540151
819.8703784931603 0.8545254
824.2765942539678 0.8754513
828.7063893262617 0.9056315
833.1944675887352 0.9483244
837.7314233056882 0.9791303
842.3145118155669 0.9857308
846.9516094197959 0.9924119
851.64729878768 1.0
856.3770114155055 0.9800757
861.1743835067882 0.9348858
866.0295575888005 0.9228542
870.9397875777858 0.5205036
875.8868354208636 0.1093098
880.8981637677776 0.02327071
885.986789936962 0.007121367
891.1027842506494 0.003064992
896.286237972959 0.001792619
901.5466031977859 0.001479129
906.8485200232153 0.001471218
917.6837661741764 0.0005607518
928.7595023706587 9.093976e-05
940.11027493525 1e-10
951.7464547444561 1e-10
963.6742973609779 1e-10
975.8858603897688 1e-10
988.4304219115256 1e-10
1001.3011908975715 1e-10
1014.4956206760295 1e-10
1028.0529961319505 1e-10
1042.0036897350653 1e-10
1055.0760235028736 1e-10
1069.7469674010658 1e-10
1084.8157792963993 1e-10
1100.3466642165615 1e-10
1116.3162456945079 1e-10
1132.769667146961 1e-10
1149.7047845539462 1e-10
1167.1233036592232 1e-10
1185.091782395817 1e-10
1203.6591237361579 1e-10
1222.7681882182617 1e-10
1242.5439596521126 0.0001046793
1262.9563534913796 1.352673e-05
1284.043195213087 0.0003254142
1305.8069233883077 1e-10
1328.3546600674008 1e-10
1351.6920142711642 1e-10
1375.8924382327486 1e-10
1400.9330213922472 1e-10
1413.8182352862168 1e-10
1426.9589649410452 1e-10
1440.2954333992989 1e-10
1453.9036221827891 1e-10
1467.7692549309706 1e-10
1481.911784755277 1e-10
1496.3451769054086 1e-10
1511.020248426839 1e-10
1526.0256036575781 1e-10
1541.2975259092113 1e-10
1556.9060850895883 1e-10
1572.8290633645645 1e-10
1589.0747929832812 1e-10
1605.6402932220303 1e-10
1622.5903519155086 1e-10
1639.8792392928185 1e-10
1657.5377773578682 1e-10
1675.5835638657054 1e-10
1694.0538709130951 1e-10
1712.9256513185674 1e-10
1732.1971274975033 1e-10
1751.9010316069225 1e-10
1772.1195968073494 1e-10
1792.768509662574 1e-10
1813.920753430124 1e-10
1835.542714914519 1e-10
1839.9382516722737 1e-10
1862.1783203337768 1e-10
1885.0070310762258 1e-10
1908.3769158911498 1e-10
1932.3690167816587 1e-10
1956.9509920763055 1e-10
1982.166448463177 1e-10
2008.0341446125951 1e-10
2034.5735076149 1e-10
2061.8726752385587 1e-10
2089.8423213968504 1e-10
2118.64406779661 1e-10
2148.204637973813 1e-10
2178.646864219102 1e-10
2209.927658018115 1e-10
2242.190171359384 1e-10
2275.3128555176336 1e-10
2309.4714889971006 1e-10
2344.6658851113716 1e-10
2380.986395043739 1e-10
2418.344594757996 1e-10
2456.972273067898 1e-10
2496.8851357930985 1e-10
2538.0710659898477 1e-10
2580.631841900171 1e-10
2624.716694641772 1e-10
2670.2804462038625 1e-10
2717.4023807162257 1e-10
2766.1905130730165 1e-10
2816.9014084507044 1e-10
2869.4198750367646 1e-10
2924.036456886545 1e-10
2980.634815603027 1e-10
3039.550632834442 1e-10
3100.7800012093044 1e-10
3164.587005572838 1e-10
3230.9864524738045 1e-10
3300.3245869231237 1e-10
3372.7779717125113 1e-10
3412.957634956877 1e-10
3431.7089910775567 1e-10
3450.655624568668 1e-10
3469.8126301179736 1e-10
3489.177443863496 1e-10
3508.7719298245615 1e-10
3528.587735687607 1e-10
3548.62233609357 1e-10
3568.8921088226584 1e-10
3589.3625651020634 1e-10
3610.1148197018406 1e-10
3631.0820624546113 1e-10
3652.2942799593134 1e-10
3673.7760355915425 1e-10
3695.491500369549 1e-10
3717.4652091724734 1e-10
3739.7297671270276 1e-10
3762.2272385252068 1e-10
3785.011355034065 1e-10
3808.065864307189 1e-10
3831.417624521073 1e-10
3855.0575463715236 1e-10
3878.9834735909108 1e-10
3903.1930070394083 1e-10
3927.7297721916734 1e-10
3952.5691699604745 1e-10
3977.701008148321 1e-10
4003.18653648304 1e-10
4028.9926309724774 1e-10
4055.1582626890972 1e-10
4081.6409829407817 1e-10
4108.463434675431 1e-10
4125.3955222957 1e-10
4152.832543256942 1e-10
4180.610745423799 1e-10
4208.771922440751 1e-10
4237.306090280044 1e-10
4266.2207043957005 1e-10
4295.541871868281 1e-10
4325.287577557812 1e-10
4355.4006968641115 1e-10
4385.955293957689 1e-10
4416.961130742049 1e-10
4448.388682409514 1e-10
4480.276701889108 1e-10
4512.635379061372 1e-10
4545.454545454545 1e-10
4578.744096281831 1e-10
4612.578039054698 1e-10
4646.850945285654 1e-10
4681.669858004953 1e-10
4716.970007146209 1e-10
4752.851711026616 1e-10
4789.272030651341 1e-10
4826.243179915106 1e-10
4863.8605433904995 1e-10
4901.972798952939 1e-10
4940.735873200954 1e-10
4980.0796812749 1e-10
5020.05512020522 1e-10
5060.728744939272 1e-10
5102.027800949487 1e-10
5144.0461523820795 1e-10
5186.695089755759 1e-10
5230.139200154812 1e-10
5274.2476944944765 1e-10
5319.205523463015 1e-10
5364.821257567752 1e-10
5411.255411255412 1e-10
5458.545079394538 1e-10
5506.607929515419 1e-10
5555.570987697189 1e-10
