5.9888097651876215 0.00016444285187830064
5.995097448382107 0.0014027038855313361
6.001385131576592 0.5605559929396869
6.007673148335173 0.6845765209853716
6.013960831529657 0.4997214598251764
6.020248514724142 0.7927787488908423
6.026536531482723 0.7122033300922541
6.032824214677208 0.014698194836243853
6.039111897871694 0.0001715299653952982
6.045399581066179 0.00015912997699739936
6.051687597824759 0.0001533380725853079
6.057975281019244 0.00021764364967683688
6.06426296421373 0.00021158311174734667
6.070550647408215 0.0001734722454122486
6.0768383306027 0.00016602787141422814
6.083126347361279 0.00015467459943880685
6.089414030555765 0.00019625783334785947
6.09570171375025 0.0001864313738547828
6.101989396944735 0.00021783968483199878
6.108277413703316 0.00017016451490335925
6.114565096897801 0.00019821156930899505
6.120852780092286 0.00027439108690619396
6.127140463286771 0.0001625664791786089
6.133428480045352 0.0001547732848522929
6.139716163239838 0.0002021827037579863
6.146003846434322 0.00022599092512489279
6.152291863192902 0.00022388551685742497
6.158579546387387 0.00018653313958192638
6.164867229581873 0.00016615407614625722
6.171154912776358 0.00014485583703648905
6.177442929534938 0.00019828688945193343
6.183730612729423 0.00013345750456473217
6.190018295923909 0.00015750124822530727
6.196305979118394 0.015881773573821086
6.2025936623128795 0.697197787111148
6.2088816790714585 0.7033330085003272
6.215169362265944 0.4251312209271155
6.221457045460429 0.6354772390486155
6.227744728654915 0.4637073716307621
6.234032745413495 0.0010182888772426266
6.24032042860798 0.00021176783663557302
