1.8045797504352161 1.2987423426973364e-05
1.804589758425477 1.2506880491515293e-05
1.8045997664157383 1.227586206687612e-05
1.8046097744059992 1.2535452050463154e-05
1.8046197738570195 1.276935614884347e-05
1.8046297818472805 1.4116823992622984e-05
1.8046397898375415 1.3594742939297177e-05
1.8046497978278027 1.3772824070911518e-05
1.8046598058180636 1.2862725453383023e-05
1.8046698138083248 1.2762007631840705e-05
1.8046798217985858 1.251344819505197e-05
1.804689829788847 1.2188155880547805e-05
1.804699837779108 1.2310990608314474e-05
1.804709837230128 1.4003770992031397e-05
1.8047198452203892 1.455921636004899e-05
1.8047298532106502 1.2789542222311598e-05
1.8047398612009113 1.4789551363263924e-05
1.8047498691911723 1.545122796192235e-05
1.8047598771814333 1.3837224909650655e-05
1.8047698851716942 1.3268505231189329e-05
1.8047798846227148 1.2540850770399065e-05
1.8047898926129757 1.3667151229726383e-05
1.8047999006032367 1.2676022459320916e-05
1.8048099085934977 1.3993971980219492e-05
1.8048199165837586 1.2349631531308537e-05
1.80482992457402 1.464272816537264e-05
1.804839932564281 1.3712953394579553e-05
1.804849940554542 1.3784023345836614e-05
1.804859948544803 1.3732638886534312e-05
1.8048699479958232 1.5132162625052685e-05
1.8048799559860844 1.3636471212596775e-05
1.8048899639763454 1.3463283780712143e-05
1.8048999719666063 1.2676110022484445e-05
1.8049099799568673 1.2462265518287373e-05
1.8049199879471285 1.2803774006250117e-05
1.8049299959373895 1.2662778203484568e-05
1.8049399953884098 1.2006958235371222e-05
1.8049500033786707 1.4209506662785312e-05
1.804960011368932 1.3752067647091838e-05
1.8049700193591929 1.6405028907564042e-05
1.8049800273494538 1.3285197038400428e-05
1.8049900353397148 1.4248396761259413e-05
1.805000043329976 1.2760185854153703e-05
1.8050100513202372 1.3484287388572085e-05
1.8050200593104981 1.2467431765653925e-05
1.8050300587615182 1.2785537784082048e-05
1.8050400667517792 1.2698955461090738e-05
1.8050500747420406 1.4764610687589466e-05
1.8050600827323016 1.396172244154004e-05
1.8050700907225625 1.2799323031422143e-05
1.8050800987128235 1.3666175701404175e-05
1.8050901067030845 1.3260655725322976e-05
1.805100106154105 1.4110454413104735e-05
1.805110114144366 1.4134648078912552e-05
1.805120122134627 1.236462644017279e-05
1.8051301301248879 1.2367587737598138e-05
1.805140138115149 1.2347299993074241e-05
1.80515014610541 1.2225707469472771e-05
1.8051601540956712 1.2660649912284541e-05
1.8051701620859322 1.1742322391941233e-05
1.8051801615369523 1.319392466481611e-05
1.8051901695272135 1.3408617435725504e-05
1.8052001775174744 1.2825195677987865e-05
1.8052101855077356 1.4103698002610477e-05
1.8052201934979966 1.3675241356336728e-05
1.8052302014882577 1.2400580043934428e-05
1.8052402094785187 1.3957254577067674e-05
1.8052502174687797 1.2518001521396647e-05
1.8052602254590406 1.3570348471387036e-05
1.805270224910061 1.2528411225938073e-05
1.8052802329003221 1.3500846515114891e-05
1.805290240890583 1.2771708567831813e-05
1.805300248880844 1.2812887117610237e-05
1.805310256871105 1.3275289478448727e-05
1.8053202648613664 1.2886530322381971e-05
1.8053302728516274 1.2966357753246873e-05
1.8053402723026475 1.3145012396283275e-05
1.8053502802929084 1.4097301885328124e-05
1.8053602882831694 1.5706882685143373e-05
1.8053702962734308 1.4510988569210192e-05
1.8053803042636918 1.2675030119073542e-05
1.8053903122539527 1.3404388298690398e-05
1.8054003202442137 1.3047280522036778e-05
1.805410328234475 1.3797963761630111e-05
1.8054203362247359 1.4019838149691604e-05
1.8054303356757562 1.6461636214879357e-05
1.8054403436660171 1.538654105582284e-05
1.8054503516562783 1.2536260266977415e-05
1.8054603596465393 1.3304727990121251e-05
1.8054703676368002 1.4516703280597305e-05
1.8054803756270612 1.4051477748825652e-05
1.8054903836173224 1.496973112693875e-05
1.8055003830683427 1.3594523819696027e-05
1.8055103910586037 1.4047336954496156e-05
1.8055203990488646 1.334968444111328e-05
1.8055304070391256 1.2322731904569644e-05
1.805540415029387 1.3454668439309587e-05
1.805550423019648 1.4403167125356005e-05
1.805560431009909 1.2963939631247204e-05
1.80557043900017 1.3229943820265169e-05
1.8055804469904309 1.186689227624117e-05
1.8055904464414514 1.4988632104912037e-05
1.8056004544317124 1.3221538683624528e-05
1.8056104624219733 1.7496452416760874e-05
1.8056204704122343 1.5961033164791245e-05
1.8056304784024955 1.1592043441590174e-05
1.8056404863927564 1.4246756448386208e-05
1.8056504943830176 1.489097038811124e-05
1.8056604938340377 1.9239288186065523e-05
1.8056705018242987 1.3811918276006321e-05
1.8056805098145599 1.3464430842765605e-05
1.8056905178048208 1.2887568895872715e-05
1.805700525795082 1.4591569229981403e-05
1.805710533785343 1.5143107312059132e-05
1.8057205417756041 1.2485473005087616e-05
1.8057305497658651 1.3098905228497457e-05
1.8057405492168852 1.423144504176167e-05
1.8057505572071464 1.339719874196001e-05
1.8057605651974074 1.2912133273427246e-05
1.8057705731876685 1.2829094376223982e-05
1.8057805811779295 1.4227415011552875e-05
1.8057905891681905 1.4263956311954088e-05
1.8058005971584514 1.5514400555514376e-05
1.8058106051487128 1.5120947307614865e-05
1.8058206131389738 1.6589068482785567e-05
1.8058306125899939 1.4374574564385419e-05
1.8058406205802549 1.510340958287051e-05
1.8058506285705158 1.577502295937447e-05
1.8058606365607772 1.9869274055449018e-05
1.8058706445510382 1.4172289005086021e-05
1.8058806525412991 1.4135071186234554e-05
1.80589066053156 1.5234422646612175e-05
1.8059006599825804 1.3851091556773515e-05
1.8059106679728416 1.6124676113965314e-05
1.8059206759631026 1.3615481361899992e-05
1.8059306839533635 1.5006140211128932e-05
1.8059406919436245 1.6069967557559902e-05
1.8059506999338857 1.78692366327263e-05
1.8059607079241466 1.507828681207437e-05
1.8059707159144076 1.7435604132582473e-05
1.8059807239046688 1.465281275860981e-05
1.805990723355689 1.8252442963440333e-05
1.80600073134595 1.6846938869761982e-05
1.806010739336211 1.4118969498085826e-05
1.806020747326472 1.986072051726248e-05
1.8060307553167332 1.5684367150053098e-05
1.8060407633069944 1.6220379090584913e-05
1.8060507712972553 1.806192356147002e-05
1.8060607707482754 1.7176394253580415e-05
1.8060707787385364 1.623158760235101e-05
1.8060807867287978 1.715078489301162e-05
1.8060907947190588 2.0183617162266126e-05
1.8061008027093197 2.0763616550420318e-05
1.8061108106995807 2.058301544830171e-05
1.8061208186898416 1.9334457907988526e-05
1.8061308266801028 1.753412103143749e-05
1.806140834670364 1.9984164686481033e-05
1.806150834121384 1.9200122518392136e-05
1.806160842111645 1.958898799132295e-05
1.8061708501019063 2.0007508035996708e-05
1.8061808580921672 2.0060419007146116e-05
1.8061908660824284 1.77282145912671e-05
1.8062008740726894 2.1996318524952265e-05
1.8062108820629503 2.2862409534255692e-05
1.8062208815139706 2.29695771349926e-05
1.8062308895042316 1.786713833859944e-05
1.8062408974944928 2.0494390169955874e-05
1.8062509054847538 2.181031811303578e-05
1.806260913475015 2.2093524356287066e-05
1.806270921465276 2.307087148596794e-05
1.8062809294555369 2.467021872833588e-05
1.8062909374457978 2.1532824462213344e-05
1.8063009454360592 2.8571760431805725e-05
1.8063109448870793 2.4583969022069588e-05
1.8063209528773403 2.3254820948968207e-05
1.8063309608676013 2.655131285173041e-05
1.8063409688578622 2.8551110180262007e-05
1.8063509768481236 2.580304738917652e-05
1.8063609848383846 2.9751920165980887e-05
1.8063709928286455 3.170078378132694e-05
1.8063809922796656 2.9099330693436993e-05
1.8063910002699268 2.8336421241685557e-05
1.8064010082601878 2.7696060549959622e-05
1.806411016250449 3.078931309741613e-05
1.80642102424071 3.423781177222785e-05
1.806431032230971 3.3951502621924604e-05
1.806441040221232 3.4807273038952275e-05
1.806451048211493 3.347719021973023e-05
1.806461056201754 3.3934777031159404e-05
1.8064710556527743 3.5426398209706585e-05
1.8064810636430355 4.047473369702387e-05
1.8064910716332965 3.495046836309452e-05
1.8065010796235574 4.2088165835830597e-05
1.8065110876138184 3.311677214691839e-05
1.8065210956040796 4.25918005427662e-05
1.8065311035943408 4.1464076777569004e-05
1.8065411030453609 4.520276490561202e-05
1.8065511110356218 4.476174409286745e-05
1.8065611190258828 4.911724509982102e-05
1.8065711270161442 4.8390487796277196e-05
1.8065811350064052 5.062686090570261e-05
1.8065911429966661 5.690664735763323e-05
1.806601150986927 5.918218565044401e-05
1.806611158977188 5.563985634133669e-05
1.8066211669674492 5.592113790241548e-05
1.8066311664184695 5.6558254785739134e-05
1.8066411744087305 6.132633344021327e-05
1.8066511823989915 6.623827288342522e-05
1.8066611903892527 6.993007596269205e-05
1.8066711983795136 6.742547272399227e-05
1.8066812063697748 7.885532027728766e-05
1.8066912143600358 7.277345600201775e-05
1.8067012138110559 8.133584819804677e-05
1.806711221801317 8.484026180154413e-05
1.806721229791578 8.741883208075743e-05
1.8067312377818392 8.332819988712672e-05
1.8067412457721002 9.50996678279319e-05
1.8067512537623613 9.267081874032267e-05
1.8067612617526223 9.82114221755108e-05
1.8067712697428833 0.00010464705238856899
1.8067812777331442 0.00011677288229667462
1.8067912771841645 0.0001324530612053447
1.8068012851744257 0.00012429481148570963
1.8068112931646867 0.00013457271054591002
1.8068213011549477 0.00014452167953253186
1.8068313091452086 0.00013824613550621507
1.80684131713547 0.00014918975474154277
1.806851325125731 0.0001461833802469851
1.806861324576751 0.00016391549139582422
1.806871332567012 0.00018339056985172081
1.806881340557273 0.0001873389147312617
1.8068913485475342 0.00018908322455907985
1.8069013565377954 0.00020081400605121257
1.8069113645280563 0.00020549960905231432
1.8069213725183173 0.00020634407358200772
1.8069313805085785 0.00023342695241897107
1.8069413884988395 0.00024231539109301792
1.8069513879498598 0.0002683755824588381
1.8069613959401207 0.0003010648128342864
1.8069714039303817 0.0002959572614111032
1.8069814119206429 0.00030494253058671903
1.8069914199109038 0.0003206675399155302
1.8070014279011648 0.00031899509116756783
1.807011435891426 0.0003292039215628358
1.8070214353424463 0.0003479044629881958
1.8070314433327073 0.00036344106798598966
1.8070414513229682 0.0003836621886901218
1.8070514593132292 0.00039510088274961956
1.8070614673034904 0.00041218482618807527
1.8070714752937516 0.00044814752265515535
1.8070814832840125 0.000454939870860832
1.8070914912742735 0.0004720663021708175
1.8071014992645344 0.0005226199691880841
1.807111498715555 0.0005164437191268553
1.807121506705816 0.0005557877879391553
1.807131514696077 0.0006013398708767435
1.8071415226863379 0.0006125703895002212
1.8071515306765988 0.0006420369160590171
1.80716153866686 0.0006846742582946285
1.8071715466571212 0.0007277261817146596
1.8071815461081413 0.000742914782473399
1.8071915540984023 0.0007776478936523133
1.8072015620886634 0.0008279002238143661
1.8072115700789244 0.0008628772125585556
1.8072215780691856 0.000922310175348622
1.8072315860594466 0.0009743253451271878
1.8072415940497077 0.0010299970954165865
1.8072516020399687 0.0010587684710153889
1.8072616100302297 0.0011377346897219565
1.8072716094812498 0.0012171076720161166
1.807281617471511 0.001272814165357782
1.8072916254617721 0.0013215147048309215
1.807301633452033 0.001352150396987712
1.807311641442294 0.0014863668129814762
1.807321649432555 0.0015710463570228765
1.8073316574228162 0.0016418670981630753
1.8073416568738365 0.0018334454793652866
1.8073516648640975 0.0019017744130733027
1.8073616728543584 0.0020424244462580884
1.8073716808446194 0.0020900659978001913
1.8073816888348806 0.002238370636486499
1.8073916968251418 0.002363382416141719
1.8074017048154027 0.0025609553107646607
1.8074117128056637 0.0027189486150055652
1.807421720795925 0.0028166961489334073
1.807431720246945 0.0030128187120343373
1.8074417282372062 0.003125064604872721
1.8074517362274671 0.0033036725893275487
1.807461744217728 0.0038891169226526238
1.8074717522079893 0.00387707319410315
1.8074817601982502 0.004252643722847197
1.8074917681885112 0.00445259300808833
1.8075017676395315 0.004801202239483968
1.8075117756297927 0.0052864240855027556
1.8075217836200537 0.005447547176701929
1.8075317916103146 0.005616593590215665
1.8075417996005756 0.006174289658985375
1.8075518075908368 0.006616297120420465
1.807561815581098 0.007254024198535754
1.807571823571359 0.007508998196159468
1.80758183156162 0.0079396800178757
1.80759183101264 0.008571996795184703
1.8076018390029014 0.008932293812351992
1.8076118469931624 0.010161644563947782
1.8076218549834233 0.010968291903842223
1.8076318629736843 0.011483572060928527
1.8076418709639452 0.012220416277224018
1.8076518789542064 0.013140412539831045
1.8076618784052267 0.014292032660768879
1.8076718863954877 0.014621603406167935
1.8076818943857487 0.016060941491228907
1.8076919023760099 0.017224713222932602
1.8077019103662708 0.01893472491315801
1.8077119183565318 0.021177758912940717
1.807721926346793 0.021895305037272193
1.807731934337054 0.02336490394798886
1.807741942327315 0.026391920845154702
1.8077519417783352 0.02764528044770829
1.8077619497685962 0.02902257886456254
1.8077719577588574 0.031680789801079454
1.8077819657491185 0.03483718060247647
1.8077919737393795 0.03720129001433495
1.8078019817296405 0.03936878393081962
1.8078119897199014 0.043990206433311786
1.8078219891709217 0.04529403381657689
1.807831997161183 0.04936452926693927
1.8078420051514439 0.05316624643777565
1.8078520131417048 0.06306290896444096
1.8078620211319658 0.06601688069253611
1.807872029122227 0.07166679782423821
1.8078820371124882 0.0790695013613006
1.8078920451027491 0.08549289035204427
1.80790205309301 0.09198309110251185
1.8079120525440302 0.10082169628597892
1.8079220605342914 0.10634547122863791
1.8079320685245526 0.12260127876028279
1.8079420765148135 0.12421956383528349
1.8079520845050745 0.14138977390375992
1.8079620924953357 0.15145792408657835
1.8079721004855966 0.16247816291298425
1.807982099936617 0.18104060822199983
1.807992107926878 0.19581456852336795
1.8080021159171389 0.20757258794786831
1.8080121239074 0.23358502663165298
1.808022131897661 0.24518505800079485
1.808032139887922 0.2656262554261612
1.8080421478781832 0.2924495786599915
1.8080521558684444 0.314618314435631
1.8080621638587053 0.36709798443441743
1.8080721633097254 0.3647917433487729
1.8080821712999864 0.39469624982439205
1.8080921792902473 0.4181836028968496
1.8081021872805088 0.4290184801464174
1.8081121952707697 0.4787678729643708
1.8081222032610307 0.4715101000060543
1.8081322112512916 0.5062767692086548
1.8081422107023122 0.5317444919752792
1.8081522186925731 0.5415368319978398
1.808162226682834 0.5920494745356231
1.808172234673095 0.5945576891210669
1.808182242663356 0.6060912301190313
1.8081922506536172 0.6390266935901774
1.8082022586438782 0.6401636348992488
1.8082122666341394 0.6536706718896493
1.8082222746244003 0.6618079807232867
1.8082322740754206 0.6759724559870467
1.8082422820656816 0.6966521792527643
1.8082522900559426 0.6811080292525319
1.8082622980462038 0.7369228109084864
1.808272306036465 0.7201566908537329
1.808282314026726 0.7209680181185251
1.8082923220169869 0.7237123769394109
1.808302321468007 0.6849943668124894
1.8083123294582681 0.7032504196605618
1.8083223374485293 0.7005352608218057
1.8083323454387903 0.7227814533688842
1.8083423534290513 0.7384736439530191
1.8083523614193122 0.745274050656452
1.8083623694095734 0.7607780958476187
1.8083723773998346 0.7099683687334264
1.8083823853900955 0.7364003733222039
1.8083923848411156 0.7098817316031374
1.8084023928313766 0.7594654124089164
1.8084124008216378 0.7377343409610291
1.808422408811899 0.7430430903898392
1.80843241680216 0.7233342008637642
1.808442424792421 0.7122361290228922
1.808452432782682 0.7308041417458956
1.8084624322337022 0.7335116231167704
1.8084724402239634 0.7171566006824752
1.8084824482142243 0.7451144744494308
1.8084924562044853 0.7564060607532355
1.8085024641947465 0.7257900331610432
1.8085124721850074 0.7361291233678273
1.8085224801752684 0.7570490172187726
1.8085324881655296 0.7339069492744142
1.8085424961557908 0.7669605044320381
1.8085524956068109 0.7628866234709621
1.8085625035970718 0.7268620590108354
1.8085725115873328 0.7460655729190665
1.8085825195775938 0.7190018370385987
1.8085925275678552 0.759024859335269
1.8086025355581161 0.7419044909641292
1.808612543548377 0.7491210487190488
1.8086225429993972 0.7576698400768487
1.8086325509896586 0.7634858631722393
1.8086425589799195 0.7421317294209734
1.8086525669701805 0.7497301912255937
1.8086625749604415 0.7888001781167837
1.8086725829507024 0.7812175659701208
1.8086825909409636 0.7597015281597164
1.8086925989312246 0.7510104844566131
1.8087026069214858 0.7989893674883128
1.8087126063725059 0.7471847510567048
1.808722614362767 0.7768926272656284
1.808732622353028 0.7504953400824614
1.808742630343289 0.7653005051619385
1.8087526383335502 0.7560055782657307
1.8087626463238111 0.7903983045612271
1.8087726543140723 0.770087368758457
1.8087826537650924 0.7756700091251425
1.8087926617553534 0.7701512063053065
1.8088026697456145 0.7566934940893116
1.8088126777358757 0.7756521488687685
1.8088226857261367 0.7410525396871497
1.8088326937163977 0.7578321051829496
1.8088427017066586 0.7435068943864215
1.8088527096969196 0.7663426562903156
1.808862717687181 0.7510848465563786
1.808872717138201 0.7796164603981571
1.808882725128462 0.7671759856991988
1.808892733118723 0.764509699902474
1.8089027411089842 0.7661274090853232
1.8089127490992454 0.7623352468516688
1.8089227570895063 0.7889582102643827
1.8089327650797673 0.7670187843764229
1.8089427645307874 0.7461325732265588
1.8089527725210486 0.7570472740510006
1.8089627805113098 0.7504003017344854
1.8089727885015707 0.7820670705189252
1.8089827964918317 0.764250972442129
1.8089928044820929 0.7851795863825911
1.8090028124723538 0.7873412402402483
1.8090128204626148 0.7726788059349533
1.8090228284528758 0.7774294710782852
1.809032827903896 0.8004514579759893
1.8090428358941573 0.7854200795993468
1.8090528438844182 0.7678846745113561
1.8090628518746792 0.7857456764510501
1.8090728598649402 0.8054971348976734
1.8090828678552016 0.7930233956622602
1.8090928758454625 0.7844043618666193
1.8091028752964826 0.8003703653497847
1.8091128832867436 0.7999834455203387
1.8091228912770045 0.7657288321782508
1.809132899267266 0.8280679961542537
1.809142907257527 0.7711040781662206
1.8091529152477879 0.8099216346357473
1.8091629232380488 0.7930599165801657
1.80917293122831 0.7580397854107325
1.809182939218571 0.7591542015844982
1.8091929386695913 0.7737897989173951
1.8092029466598523 0.7568799486314486
1.8092129546501134 0.7714486084661679
1.8092229626403744 0.7984964689961239
1.8092329706306354 0.8124057713834879
1.8092429786208966 0.8279936383090697
1.8092529866111575 0.769895887864975
1.8092629860621778 0.7699721199229889
1.8092729940524388 0.7729528449587767
1.8092830020426998 0.8432900963959484
1.809293010032961 0.7698214359317309
1.8093030180232221 0.7764312380905687
1.809313026013483 0.7866852365660619
1.809323034003744 0.7529948397422903
1.809333041994005 0.7656159985215126
1.809343049984266 0.7684683757824164
1.8093530494352865 0.7779362337672384
1.8093630574255475 0.7541296218460066
1.8093730654158084 0.7846193240929912
1.8093830734060694 0.7536123379463586
1.8093930813963306 0.7574762143020257
1.8094030893865918 0.7677626839359212
1.8094130973768527 0.7604435839573367
1.8094230968278728 0.7764526919748983
1.8094331048181338 0.7735261497487675
1.809443112808395 0.7524696710522943
1.8094531207986562 0.7832348443393543
1.8094631287889171 0.7625178242562249
1.809473136779178 0.774879194060625
1.8094831447694393 0.7863501971366432
1.8094931527597002 0.7607991172136673
1.8095031607499612 0.7262631349953644
1.8095131602009815 0.7778216012938708
1.8095231681912425 0.7512076466047579
1.8095331761815037 0.7502534479594174
1.8095431841717646 0.7657464639391836
1.8095531921620256 0.8038610758757523
1.8095632001522866 0.7470608884585345
1.809573208142548 0.7734566895861255
1.809583207593568 0.7712816518849204
1.809593215583829 0.7657305953360722
1.80960322357409 0.7638234720986883
1.809613231564351 0.7466292502153687
1.8096232395546124 0.7879869044283357
1.8096332475448733 0.7858035744650732
1.8096432555351343 0.7806062065381483
1.8096532635253952 0.8038518211363749
1.8096632715156564 0.7519206291879899
1.8096732709666767 0.7781064224962192
1.8096832789569377 0.7662738411823061
1.8096932869471987 0.7556488052053195
1.8097032949374596 0.7823408363728891
1.8097133029277208 0.7893107178136518
1.8097233109179818 0.765873424603339
1.809733318908243 0.7709886771732474
1.809743318359263 0.7820886801292095
1.8097533263495242 0.791607681854889
1.8097633343397852 0.7851633150658901
1.8097733423300462 0.7680261371245171
1.8097833503203073 0.7837129083706604
1.8097933583105683 0.7721399088603874
1.8098033663008295 0.7747257658780518
1.8098133742910905 0.781926622605331
1.8098233822813514 0.7718483853805841
1.8098333817323717 0.7623457789750734
1.809843389722633 0.7844928685912196
1.8098533977128939 0.7650344638148632
1.8098634057031548 0.7771091096488778
1.8098734136934158 0.8039739922758952
1.8098834216836768 0.7969113274244206
1.8098934296739382 0.7727250654458593
1.8099034291249583 0.7655807414136404
1.8099134371152192 0.784465773635365
1.8099234451054802 0.8038462683438936
1.8099334530957414 0.8153010469244469
1.8099434610860026 0.7825732523076597
1.8099534690762635 0.7908570674043639
1.8099634770665245 0.7893161701977638
1.8099734850567855 0.8107874169098946
1.8099834930470466 0.7919467848582428
1.8099934924980667 0.8014565821528751
1.810003500488328 0.8125067918683888
1.8100135084785889 0.8158813390499592
1.81002351646885 0.8099253644712993
1.810033524459111 0.7682861426189187
1.810043532449372 0.7939899402372821
1.810053540439633 0.8095468737558149
1.8100635398906533 0.7878254387594226
1.8100735478809145 0.7982391056311413
1.8100835558711754 0.7802683661702468
1.8100935638614364 0.8114579136175032
1.8101035718516973 0.7929594881027423
1.8101135798419588 0.7744671476135696
1.8101235878322197 0.7866544432038772
1.8101335958224807 0.7894234080730461
1.8101436038127416 0.8005049098808424
1.810153603263762 0.7784702137307015
1.8101636112540231 0.7925268781167456
1.810173619244284 0.7836100548778107
1.810183627234545 0.7731646689522524
1.810193635224806 0.8036871046020299
1.8102036432150672 0.7710827720675104
1.8102136512053282 0.7815936098102392
1.8102236506563485 0.7706354799595053
1.8102336586466095 0.8227691513006309
1.8102436666368706 0.7757557440805495
1.8102536746271316 0.7970342789698206
1.8102636826173926 0.7965737670072301
1.8102736906076538 0.7852681805781262
1.8102836985979147 0.7911411968797091
1.810293706588176 0.7650556027903299
1.8103037145784369 0.7590563189350835
1.810313714029457 0.8026255859912713
1.8103237220197181 0.7627232761041063
1.8103337300099793 0.7874808474716177
1.8103437380002403 0.7968379325587135
1.8103537459905013 0.7996648378003636
1.8103637539807622 0.7741907890738657
1.8103737619710232 0.785830715627731
1.8103837614220437 0.7596875340692958
1.8103937694123047 0.7589794199929585
1.8104037774025656 0.7728318287336375
1.8104137853928266 0.767626572406354
1.8104237933830878 0.7875624475738147
1.810433801373349 0.7555304981617098
1.81044380936361 0.76404686836544
1.810453817353871 0.7840341868932729
1.8104638253441319 0.8044702719514334
1.8104738247951522 0.7771681607674582
1.8104838327854131 0.8081332949668703
1.8104938407756743 0.7704420887686091
1.8105038487659353 0.7618754860021353
1.8105138567561965 0.771800401214354
1.8105238647464574 0.8243222074402329
1.8105338727367184 0.7835324725788946
1.8105438721877387 0.8010580701153314
1.8105538801779997 0.7838157753636413
1.8105638881682609 0.8099085803465756
1.8105738961585218 0.7727001561343183
1.8105839041487828 0.7972233310300044
1.8105939121390437 0.8154305909175913
1.8106039201293052 0.8093548993135952
1.8106139281195661 0.8074618268390301
1.810623936109827 0.7950363764224185
1.8106339355608472 0.7811654019340334
1.8106439435511081 0.7921382781165415
1.8106539515413695 0.7893797841287176
1.8106639595316305 0.8080867764138412
1.8106739675218915 0.7855647726510214
1.8106839755121524 0.7814946333589604
1.8106939835024136 0.8041276580972849
1.810703982953434 0.7850711173068872
1.810713990943695 0.8141210798959433
1.8107239989339559 0.7924995056808227
1.8107340069242168 0.8288882818947407
1.810744014914478 0.8411065209561072
1.810754022904739 0.8297972667829138
1.8107640308950002 0.8736228808227358
1.8107740388852611 0.8325321237230929
1.8107840468755223 0.816067345234443
1.8107940463265424 0.8105391562923462
1.8108040543168034 0.8329827350001863
1.8108140623070645 0.8221631358778991
1.8108240702973255 0.8079063097774447
1.8108340782875867 0.8326068891462844
1.8108440862778477 0.8351625275998072
1.8108540942681086 0.8602961909075815
1.8108640937191287 0.8308717633556167
1.8108741017093901 0.8275228603218054
1.810884109699651 0.8140104870075892
1.810894117689912 0.8555827108470124
1.810904125680173 0.8617454519460921
1.810914133670434 0.8271837611773593
1.8109241416606952 0.8682704083069614
1.8109341496509563 0.828655467129098
1.8109441576412173 0.8286707316674946
1.8109541570922374 0.8401658018154715
1.8109641650824986 0.8251083839190595
1.8109741730727595 0.8583017539265804
1.8109841810630207 0.8633840076213994
1.8109941890532817 0.8480002884824317
1.8110041970435429 0.8423217209739938
1.8110142050338038 0.8321794748381579
1.811024204484824 0.8413157126542117
1.8110342124750851 0.8253192978027337
1.811044220465346 0.8647010772047313
1.8110542284556073 0.8430241189829061
1.8110642364458682 0.8674550906124203
1.8110742444361292 0.846558549373146
1.8110842524263902 0.8423605122159512
1.8110942604166516 0.8684163670280383
1.8111042684069125 0.8475571657288842
1.8111142678579326 0.8214573125079188
1.8111242758481936 0.8361977603248129
1.8111342838384545 0.8634734729379001
1.811144291828716 0.8962228243224514
1.811154299818977 0.8599139611444634
1.8111643078092379 0.8627659562320906
1.8111743157994988 0.8213873309006183
1.8111843152505192 0.8385520017413586
1.8111943232407803 0.8979972361486446
1.8112043312310413 0.838121535541373
1.8112143392213023 0.8641059587944299
1.8112243472115632 0.8608173267499318
1.8112343552018244 0.8812801740244672
1.8112443631920854 0.8524933501969897
1.8112543711823466 0.8695208494176406
1.8112643791726075 0.8693546871992469
1.8112743786236278 0.8442304259215365
1.8112843866138888 0.8448741061849988
1.8112943946041498 0.836253599267547
1.8113044025944107 0.8476801237141888
1.811314410584672 0.8652129279245431
1.811324418574933 0.8395063780744607
1.811334426565194 0.8458824217567361
1.8113444260162141 0.8504230052349111
1.8113544340064751 0.8558644746680097
1.8113644419967365 0.8380578530377936
1.8113744499869975 0.82347989410234
1.8113844579772584 0.8643785876105448
1.8113944659675194 0.838897692860628
1.8114044739577804 0.8390290542102672
1.8114144819480416 0.8461298178921427
1.8114244899383027 0.8390561017473194
1.8114344893893228 0.8600248496973755
1.8114444973795838 0.8791581369095134
1.811454505369845 0.8430357658719777
1.811464513360106 0.8390000756738187
1.8114745213503671 0.8430085900477793
1.811484529340628 0.8340287085911342
1.811494537330889 0.8462642602993304
1.8115045367819094 0.8533299722442118
1.8115145447721703 0.8396842361205138
1.8115245527624315 0.8405005461956986
1.8115345607526925 0.8459759173036236
1.8115445687429537 0.8311224241928957
1.8115545767332146 0.8359879162611806
1.8115645847234756 0.8457032508395561
1.8115745927137366 0.8297418589471772
1.8115846007039977 0.8405721562351331
1.811594600155018 0.8626189609456197
1.811604608145279 0.8824071124862573
1.81161461613554 0.8196661494963519
1.811624624125801 0.8443645665324475
1.8116346321160623 0.8500686500704107
1.8116446401063233 0.8370627193788336
1.8116546480965843 0.8508735039221698
1.8116646475476044 0.839510244153103
1.8116746555378653 0.8772249997518986
1.8116846635281267 0.8253097960178705
1.8116946715183877 0.841263409852557
1.8117046795086487 0.850973429430227
1.8117146874989096 0.859108468435268
1.8117246954891708 0.8379748800661496
1.8117347034794318 0.8526955568377832
1.811744711469693 0.8406766791346597
1.811754710920713 0.8232959897854213
1.811764718910974 0.830280809354699
1.8117747269012352 0.851036133779771
1.8117847348914962 0.8292624491376037
1.8117947428817571 0.8286478349653393
1.8118047508720183 0.843983585140903
1.8118147588622795 0.8500843090578469
1.8118247583132996 0.8638572848957621
1.8118347663035606 0.8826082853435108
1.8118447742938215 0.8409206164474575
1.8118547822840827 0.8503623040899927
1.8118647902743439 0.8443062419090136
1.8118747982646048 0.8658546626942336
1.8118848062548658 0.8615034083923097
1.8118948142451268 0.828655467129098
1.811904822235388 0.8410464847993875
1.8119148216864083 0.8336869435051283
1.8119248296766692 0.91013748159395
1.8119348376669302 0.887331706122991
1.8119448456571912 0.8512203545285298
1.8119548536474523 0.8124637630891692
1.8119648616377135 0.8384303678115036
1.8119748696279745 0.8615807755773978
1.8119848690789946 0.8293331016992862
1.8119948770692558 0.8699494141869276
1.8120048850595167 0.8813430821699717
1.812014893049778 0.8548816597086766
1.8120249010400389 0.8314803687793879
1.8120349090303 0.8373480243942152
1.812044917020561 0.8379555852036183
1.812054925010822 0.8445512324040997
1.812064933001083 0.8306919464403449
1.8120749324521033 0.8183912926268279
1.8120849404423645 0.8288272093991094
1.8120949484326254 0.8662315547612235
1.8121049564228864 0.8290906166810461
1.8121149644131473 0.8687723692380761
1.8121249724034088 0.8651830450447531
1.8121349803936697 0.8566314206994671
1.8121449798446898 0.8479065692061369
1.8121549878349508 0.8497907510377645
1.8121649958252117 0.8244228113962253
1.8121750038154731 0.8631574036372869
1.812185011805734 0.8632289563641983
1.812195019795995 0.8729412175459083
1.812205027786256 0.873264890988664
1.8122150357765172 0.8534066054150893
1.8122250437667782 0.8728065564973548
1.8122350432177985 0.8427271776718048
1.8122450512080595 0.8638652413520289
1.8122550591983204 0.8951977871830773
1.8122650671885816 0.8284055503091925
1.8122750751788426 0.8533496211191628
1.8122850831691035 0.876722192489657
1.8122950911593647 0.8645019953447309
1.812305090610385 0.889346499489321
1.812315098600646 0.8855008858662784
1.812325106590907 0.8672593685581916
1.812335114581168 0.8802337169559404
1.812345122571429 0.9018971197737291
1.8123551305616903 0.8647189968206986
1.8123651385519512 0.8509126889973542
1.8123751465422122 0.887309231683264
1.8123851545324732 0.8611682308624377
1.8123951539834937 0.8706948987277131
1.8124051619737547 0.8749676575791059
1.8124151699640156 0.8872744995778792
1.8124251779542766 0.8668620688291094
1.8124351859445376 0.8469211918198895
1.8124451939347987 0.8763508253138215
1.81245520192506 0.8521773756737585
1.81246520137608 0.8824680691154929
1.812475209366341 0.8526032818392758
1.8124852173566022 0.8639786288167125
1.8124952253468631 0.880440476164674
1.8125052333371243 0.8978752492470249
1.8125152413273853 0.8672094465327302
1.8125252493176462 0.8891376488247912
1.8125352573079074 0.8664928830869256
1.8125452652981684 0.8757880197276078
1.8125552647491887 0.8510126191072571
1.8125652727394497 0.8556812191172846
1.8125752807297109 0.8586279074957962
1.8125852887199718 0.8570911287559644
1.8125952967102328 0.8593814993203429
1.8126053047004937 0.8720652879587273
1.8126153126907547 0.8627480770890851
1.8126253121417752 0.8568247442511702
1.8126353201320362 0.8673811903615155
1.8126453281222972 0.8544428107658245
1.8126553361125581 0.8530156517679807
1.8126653441028195 0.8690324630637218
1.8126753520930805 0.8509362009086608
1.8126853600833415 0.8619478684229283
1.8126953680736024 0.8288291178464838
1.8127053760638634 0.8576024242427475
1.812715375514884 0.8415191433520239
1.812725383505145 0.8430707075046497
1.8127353914954059 0.8235633281600327
1.8127453994856668 0.8734318005753628
1.812755407475928 0.8460811121463866
1.812765415466189 0.8263004704121676
1.81277542345645 0.8469504439467184
1.8127854229074702 0.8328734153974824
1.8127954308977312 0.8359763667410769
1.8128054388879924 0.8153892848007139
1.8128154468782534 0.8380173303276172
1.8128254548685143 0.8432279627745026
1.8128354628587755 0.828811941978313
1.8128454708490367 0.8557048627897679
1.8128554788392977 0.8446426359505916
1.8128654868295586 0.833781010932974
1.8128754862805787 0.8225342673324652
1.81288549427084 0.8050317332502928
1.812895502261101 0.8205650211048795
1.812905510251362 0.8358859010204888
1.812915518241623 0.8191416337965414
1.812925526231884 0.8363267731815182
1.8129355342221452 0.8649738937830387
1.8129455336731655 0.8383821052689637
1.8129555416634264 0.8063860386185567
1.8129655496536874 0.8061855321235405
1.8129755576439486 0.8189549268896338
1.8129855656342095 0.8244588799550443
1.8129955736244707 0.8643865488682092
1.8130055816147317 0.874927364757187
1.8130155896049927 0.8066460286677911
1.8130255975952538 0.8754936490506963
1.813035597046274 0.8468139426650476
1.8130456050365351 0.7865892377098617
1.813055613026796 0.8607975059266837
1.8130656210170573 0.8397789802410871
1.8130756290073182 0.8242443901604046
1.8130856369975792 0.8029398268210148
1.8130956449878401 0.8230742216976312
1.8131056444388605 0.8170036560827632
1.8131156524291216 0.8088816811438411
1.8131256604193826 0.8107015437348621
1.8131356684096436 0.8057123118139085
1.8131456763999045 0.8060259052011005
1.813155684390166 0.837596781732157
1.813165692380427 0.8258496707934027
1.8131757003706879 0.8437329309902585
1.8131857083609488 0.7957964546667602
1.813195707811969 0.8094201282403896
1.8132057158022303 0.8028769688141792
1.8132157237924913 0.8145523481889048
1.8132257317827523 0.8639885757955282
1.8132357397730132 0.8199247573784898
1.8132457477632744 0.8184120214608361
1.8132557557535354 0.8034447180694513
1.8132657552045557 0.8261254472536979
1.8132757631948166 0.8092766315401413
1.8132857711850776 0.817517390714074
1.8132957791753388 0.8419145207692812
1.8133057871655998 0.8501195428342413
1.8133157951558607 0.8366869591568751
1.813325803146122 0.8601614998999679
1.813335811136383 0.8457032508395561
1.813345819126644 0.8347549441377433
1.8133558185776641 0.8581713271909684
1.813365826567925 0.8492802017172006
1.8133758345581863 0.8268809755086991
1.8133858425484475 0.8450316978370144
1.8133958505387084 0.8634694965047616
1.8134058585289694 0.8419532932585443
1.8134158665192304 0.8693767068726812
1.813425865970251 0.8634754611613362
1.8134358739605119 0.8544349410929509
1.8134458819507728 0.8453703274543856
1.8134558899410338 0.8692185779614867
1.8134658979312948 0.8579697975823563
1.813475905921556 0.840595382423015
1.8134859139118171 0.866864064855085
1.813495921902078 0.8450959102704743
1.813505929892339 0.8392222700334864
1.8135159293433594 0.8725814978457392
1.8135259373336203 0.823423012091142
1.8135359453238815 0.8208125725614379
1.8135459533141425 0.8467262034584919
1.8135559613044034 0.8552183288426983
1.8135659692946646 0.8690844911721615
1.8135759772849256 0.8749414670337888
1.8135859767359457 0.8328734153974824
1.8135959847262069 0.8868741570162287
1.813605992716468 0.8696770308106198
1.813616000706729 0.8703601532931954
1.81362600869699 0.8479631900303088
1.813636016687251 0.8274580778364039
1.813646024677512 0.8622813639190597
1.8136560326677733 0.8504758775044576
1.8136660406580343 0.8484299677253598
1.8136760401090544 0.8448390898092554
1.8136860480993153 0.8507990572506379
1.8136960560895765 0.8341708319323733
1.8137060640798377 0.8599595029269544
1.8137160720700987 0.8446270772015553
1.8137260800603596 0.8578176938347841
1.8137360880506206 0.8254010176684754
1.813746087501641 0.7988605959958549
1.813756095491902 0.8597535940693865
1.813766103482163 0.846067475039993
1.813776111472424 0.835099069928814
1.8137861194626852 0.8103823992807836
1.8137961274529462 0.8175776298407662
1.8138061354432071 0.8562685636916687
1.8138161434334683 0.8401271116413359
1.8138261514237295 0.8355491466503854
1.8138361508747496 0.8328216374354239
1.8138461588650105 0.8531904782409927
1.8138561668552715 0.8281309195466401
1.8138661748455327 0.8869190844248537
1.8138761828357939 0.8484338748987474
1.8138861908260548 0.8601298109629466
1.8138961988163158 0.8261482742587387
1.813906198267336 0.8336639082018344
1.813916206257597 0.8373730896153816
1.8139262142478583 0.8752013925412864
1.8139362222381192 0.8521891490206183
1.8139462302283802 0.8357800493104424
1.8139562382186412 0.8544683877032532
1.8139662462089023 0.8555551305636147
1.8139762541991635 0.8377800223700043
1.8139862621894245 0.8495735833693373
1.8139962616404446 0.8612852306843441
1.8140062696307058 0.8370318814166615
1.8140162776209667 0.8446037396153705
1.814026285611228 0.8710759033926516
1.8140362936014889 0.8543346091170757
1.8140463015917498 0.8736771954686836
1.814056309582011 0.8667562860290497
1.8140663090330311 0.852923342130191
1.814076317023292 0.8497633574620852
1.8140863250135533 0.8594824239966163
1.8140963330038145 0.8735906959592508
1.8141063409940754 0.8363614367439496
1.8141163489843364 0.846067475039993
1.8141263569745973 0.8695008281906843
1.8141363649648583 0.8788929888299001
1.8141463729551197 0.877562385445165
1.8141563724061398 0.8940586307964745
1.8141663803964008 0.8734056560030966
1.8141763883866617 0.895603949304333
1.814186396376923 0.8682224272367656
1.814196404367184 0.8613685283784664
1.814206412357445 0.9043613635806459
1.814216420347706 0.8841012406277967
1.8142264197987261 0.8822709912164263
1.8142364277889873 0.9206594176028793
1.8142464357792485 0.8777947923518578
1.8142564437695095 0.8775987581161241
1.8142664517597704 0.8577031399866942
1.8142764597500316 0.87163166682127
1.8142864677402926 0.8777887287811906
1.8142964757305535 0.8916778940420712
1.8143064837208147 0.8638393831370934
1.8143164831718348 0.9008199588938804
1.814326491162096 0.8764557609579224
1.814336499152357 0.8952513817834225
1.814346507142618 0.9007722532211208
1.814356515132879 0.9071518696657054
1.8143665231231403 0.8948701053869695
1.8143765311134012 0.8968256067016322
1.8143865305644213 0.9153959781599951
1.8143965385546823 0.8936943246840032
1.8144065465449435 0.8940668654186976
1.8144165545352047 0.900651963177441
1.8144265625254656 0.919725017673757
1.8144365705157266 0.8996695050450156
1.8144465785059876 0.8840605271985177
1.8144565864962487 0.9021962134168972
1.81446659448651 0.905038386794079
1.81447659393753 0.891636831703042
1.814486601927791 0.8870579653503137
1.814496609918052 0.9053447760454792
1.8145066179083131 0.9097708133992268
1.8145166258985743 0.8608252552070205
1.8145266338888353 0.878617805197601
1.8145366418790962 0.9121200449869103
1.8145466413301166 0.8910518987933127
1.8145566493203775 0.8871560120379617
1.8145666573106385 0.8623111465766053
1.8145766653008997 0.8815460422800043
1.8145866732911606 0.8652109357004465
1.8145966812814218 0.8872663275153674
1.8146066892716828 0.9047466839078306
1.8146166972619437 0.8484065250628819
1.8146267052522047 0.8815298037513589
1.8146367047032252 0.8674950393154743
1.8146467126934862 0.8838223911999945
1.8146567206837472 0.902574376456305
1.8146667286740081 0.8847936558657865
1.814676736664269 0.8753384386162848
1.8146867446545305 0.8906867669630911
1.8146967526447915 0.8817957473162266
1.8147067520958116 0.8775098498040222
1.8147167600860725 0.898499831500695
1.8147267680763337 0.866407094869373
1.814736776066595 0.8766636513481366
1.8147467840568559 0.8837552362347484
1.8147567920471168 0.8594745079074034
1.814766800037378 0.8864821598559143
1.814776808027639 0.8840137090726603
1.8147868160179 0.8671575306746281
1.8147968154689202 0.8901475482645944
1.8148068234591812 0.8736973128611577
1.8148168314494424 0.8578374460445333
1.8148268394397034 0.8558802404194639
1.8148368474299643 0.8598209050016845
1.8148468554202255 0.8710598577293157
1.8148568634104867 0.8622237870312063
1.8148668628615068 0.8546317046611517
1.8148768708517677 0.8754593794447947
1.8148868788420287 0.8644741275422061
1.8148968868322897 0.8818302649574281
1.814906894822551 0.8580191877155603
1.814916902812812 0.8577070898647183
1.814926910803073 0.8514222592218914
1.814936918793334 0.8853765191910943
1.8149469267835951 0.9021463575892303
1.8149569262346155 0.853827227882282
1.8149669342248764 0.8754130168189934
1.8149769422151374 0.8830575336690604
1.8149869502053984 0.8361034202385641
1.8149969581956595 0.8394967129557382
1.8150069661859205 0.8495227232895977
1.8150169741761817 0.8957276901100208
1.8150269736272018 0.8993567530143665
1.815036981617463 0.8726035992502793
1.815046989607724 0.8755440479669125
1.815056997597985 0.8874665647161016
1.815067005588246 0.8654121735016658
1.815077013578507 0.8599515824437004
1.8150870215687682 0.8791925513022133
1.8150970295590292 0.876399255588307
1.8151070375492901 0.853139401634321
1.8151170370003105 0.875640822019056
1.8151270449905716 0.9123468984666208
1.8151370529808326 0.8756226760695469
1.8151470609710936 0.8976912664588522
1.8151570689613545 0.9022543820314675
1.8151670769516155 0.9006955146138547
1.815177084941877 0.8968421269919757
1.815187084392897 0.896959842869559
1.815197092383158 0.8898463021005201
1.815207100373419 0.8789941809495974
1.81521710836368 0.8949710762966444
1.8152271163539413 0.9058201972419624
1.8152371243442023 0.9102904782889292
1.8152471323344632 0.9094084808957461
1.8152571403247242 0.880531708901399
1.8152671483149854 0.9032251045182909
1.8152771477660057 0.9033706989377892
1.8152871557562666 0.8999098387486867
1.8152971637465276 0.9186984845918407
1.8153071717367888 0.8935132559931537
1.8153171797270498 0.9100368950407804
1.8153271877173107 0.9248472296865323
1.815337195707572 0.8976395926829492
1.815347195158592 0.9246513328075664
1.8153572031488532 0.9119352431168749
1.8153672111391141 0.9161255596363498
1.815377219129375 0.9036390701331514
1.815387227119636 0.9105042975682691
1.8153972351098975 0.9327430033182409
1.8154072431001584 0.8936614003748189
1.8154172510904194 0.9072584044338526
1.8154272590806804 0.9264052338608255
1.8154372585317005 0.9266164374937461
1.8154472665219619 0.895438988154052
1.8154572745122228 0.9843782288559435
1.8154672825024838 0.9549640000772748
1.8154772904927448 0.9196551347400218
1.815487298483006 0.8883722825802703
1.815497306473267 0.9427271181058576
1.8155073059242872 0.9350438971308607
1.8155173139145482 0.8810022143735051
1.8155273219048091 0.919769491396417
1.8155373298950703 0.9111880175918977
1.8155473378853313 0.9029111164549086
1.8155573458755925 0.8979806945806038
1.8155673538658534 0.8897643480014923
1.8155773618561146 0.9050467225440578
1.8155873698463756 0.9092137606369549
1.8155973692973957 0.9072375142775839
1.8156073772876569 0.9292059883792378
1.8156173852779178 0.9554742778823311
1.815627393268179 0.9139133051039506
1.81563740125844 0.9026491967122673
1.815647409248701 0.9337164281267726
1.815657417238962 0.9398163582650585
1.8156674166899824 0.8851686008212595
1.8156774246802434 0.9248876918210603
1.8156874326705044 0.9184594775848404
1.8156974406607653 0.9676114525828705
1.8157074486510263 0.900954792933375
1.8157174566412877 0.9268959829811495
1.8157274646315487 0.9646793897985922
1.8157374726218096 0.9166087526831002
1.8157474806120706 0.9328031414206253
1.815757480063091 0.9200660378442723
1.815767488053352 0.9177787543564345
1.815777496043613 0.8865740186421595
1.815787504033874 0.9410744877878947
1.8157975120241352 0.9346198487409214
1.8158075200143962 0.9340518823697402
1.8158175280046571 0.966731789635441
1.8158275274556774 0.9516647868406677
1.8158375354459384 0.9473817186101839
1.8158475434361996 0.9307927673979691
1.8158575514264605 0.890670360057629
1.8158675594167215 0.9350740398706456
1.8158775674069825 0.9419199599454589
1.8158875753972439 0.9506945406780586
1.8158975833875048 0.939550223076159
1.8159075913777658 0.923208937082158
1.815917590828786 0.9584489810234612
1.8159275988190469 0.8838488475873769
1.8159376068093083 0.9070683217384011
1.8159476147995692 0.9229135027310024
1.8159576227898302 0.935698643775029
1.8159676307800912 0.9150988298235393
1.8159776387703523 0.930872070269433
1.8159876382213727 0.9267487309547919
1.8159976462116336 0.9379636327560305
1.8160076542018946 0.9493120640265027
1.8160176621921555 0.9514500647310932
1.8160276701824167 0.9531757833329833
1.8160376781726777 0.9143616443906125
1.8160476861629389 0.9189904536150578
1.8160576941531998 0.9514325385346291
1.816067702143461 0.9259765745612479
1.8160777015944811 0.9859184639241156
1.816087709584742 0.9540035702392267
1.8160977175750033 0.9498433795047883
1.8161077255652642 0.937026773317996
1.8161177335555254 0.906076778128628
1.8161277415457864 0.9342368638032398
1.8161377495360473 0.951574948226167
1.8161477489870677 0.9776243271658727
1.8161577569773288 0.939372841486873
1.8161677649675898 0.9482459576680983
1.8161777729578508 0.9337895296801859
1.8161877809481117 0.9397124916624844
1.8161977889383727 0.9401778169485958
1.816207796928634 0.929165337327184
1.816217804918895 0.9402514243703302
1.816227812909156 0.9169507287441889
1.8162378123601761 0.9250474280592896
1.8162478203504373 0.9640598582892911
1.8162578283406985 0.9402557543981279
1.8162678363309595 0.9602515127243384
1.8162778443212204 0.9241213417501902
1.8162878523114814 0.9591753296121677
1.8162978603017426 0.9316354378269125
1.8163078597527629 0.9288102511393755
1.8163178677430238 0.9420414234244097
1.8163278757332848 0.9299144579357075
1.816337883723546 0.936371097327219
1.816347891713807 0.9330329906052633
1.816357899704068 0.9707401667658572
1.8163679076943289 0.9779710523694432
1.81637791568459 0.9449394922085737
1.8163879236748512 0.9305763263821859
1.8163979231258713 0.9175970316732561
1.8164079311161323 0.9549134270414184
1.8164179391063933 0.9061122462438069
1.8164279470966547 0.9181211669315332
1.8164379550869156 0.9633985758936059
1.8164479630771766 0.9655749715803463
1.8164579710674376 0.9115426634532272
1.8164679705184577 0.9331361189213
1.816477978508719 0.964228580120965
1.81648798649898 0.9662889206483323
1.816497994489241 0.950917850518608
1.816508002479502 0.9640332206990035
1.8165180104697631 0.9285408184814857
1.816528018460024 0.9193862408641251
1.8165380264502853 0.9200130761100656
1.8165480344405462 0.9544649834106548
1.8165580338915663 0.9535270109634824
1.8165680418818275 0.9662110500999403
1.8165780498720885 0.9662444224236652
1.8165880578623497 0.9376526815949566
1.8165980658526106 0.9524320471716234
1.8166080738428718 0.93788588529961
1.8166180818331328 0.9490301284375987
1.8166280812841529 0.9384626656505008
1.816638089274414 0.9303792159923548
1.816648097264675 0.9359593777108395
1.8166581052549362 0.9504712832787215
1.8166681132451972 0.9443848251483641
1.8166781212354581 0.9497668342570181
1.816688129225719 0.9426554874168377
1.8166981372159805 0.9507492686301743
1.8167081452062415 0.9437957123109124
1.8167181446572616 0.9683603528352098
1.8167281526475225 0.9298352366451721
1.8167381606377837 0.9299701309885718
1.816748168628045 0.9164863478171607
1.8167581766183059 0.9843872953562399
1.8167681846085668 0.9400717458006587
1.8167781925988278 0.9057784836408004
1.816788192049848 1.0
1.8167982000401093 0.9746147953582532
1.8168082080303702 0.9414927932170388
1.8168182160206312 0.9659107510494986
1.8168282240108924 0.9466337845344799
1.8168382320011534 0.9344347914753671
1.8168482399914143 0.9238639055832591
1.8168582479816753 0.9853306674735801
1.8168682559719365 0.9183029934154693
1.8168782554229568 0.940565403074654
1.8168882634132177 0.978164731639943
1.8168982714034787 0.976445481361799
1.8169082793937397 0.9629461474922328
1.816918287384001 0.9625316081073952
1.816928295374262 0.9577430298298789
1.816938303364523 0.9001087841581912
1.816948302815543 0.9252135830123089
1.816958310805804 0.956473627754689
1.8169683187960655 0.9433959337365259
1.8169783267863264 0.955483078166175
1.8169883347765874 0.9505872830301441
1.8169983427668484 0.9223675169679024
1.8170083507571095 0.962103955128748
1.8170183587473705 0.9189671773189256
1.8170283667376317 0.9664113013329799
1.8170383661886518 0.9582945097491824
1.8170483741789127 0.919881744164328
1.817058382169174 0.9318950395438341
1.8170683901594349 0.9779102539970762
1.817078398149696 0.95634589929275
1.817088406139957 0.987627103980687
1.8170984141302182 0.9695227403539758
1.8171084135812383 0.9192655817743769
1.8171184215714993 0.9273784505578565
1.8171284295617605 0.933682029375968
1.8171384375520214 0.9476195239968116
1.8171484455422826 0.9578533004186125
1.8171584535325436 0.9733319959560132
1.8171684615228045 0.9187471396532215
1.8171784695130655 0.9444087452419184
1.817188477503327 0.9409834822168228
1.817198476954347 0.9377325689261552
1.817208484944608 0.9354509061155087
1.817218492934869 0.9552169054352816
1.8172285009251299 0.9404289718622497
1.8172385089153913 0.9462415189589897
1.8172485169056523 0.9517414850515096
1.8172585248959132 0.9412305178156073
1.8172685243469333 0.9458864409339479
1.8172785323371945 0.9745519616458161
1.8172885403274555 0.9572006833800794
1.8172985483177166 0.9366082955195697
1.8173085563079776 0.9310864361635198
1.8173185642982386 0.9276603619469813
1.8173285722884998 0.969161157602047
1.8173385802787607 0.9620596496244296
1.8173485882690217 0.9218452028056944
1.817358587720042 0.9436892329909157
1.8173685957103032 0.9575048886805525
1.8173786037005641 0.9512222493570028
1.817388611690825 0.9444739849401439
1.817398619681086 0.9499024329110095
1.8174086276713473 0.9502940279874584
1.8174186356616084 0.9769222476662139
1.8174286351126285 0.9217263433557777
1.8174386431028895 0.967800851771899
1.8174486510931505 0.9586741123142902
1.8174586590834119 0.9370807144675315
1.8174686670736728 0.9562798395400542
1.8174786750639338 0.9535972720185624
1.8174886830541948 0.9293279522066376
1.8174986910444557 0.9893660420019428
1.817508699034717 0.9478442940324413
1.8175186984857372 0.9654526968036155
1.8175287064759982 0.9467820160680869
1.8175387144662591 0.985602962015522
1.8175487224565203 0.9172421423179548
1.8175587304467813 0.9398163582650585
1.8175687384370425 0.9910578366502029
1.8175787464273034 0.9590406155214576
1.8175887458783235 0.9860478716021397
1.8175987538685847 0.9910144796936059
1.8176087618588457 0.9310992996868667
1.8176187698491069 0.9456947977570604
1.8176287778393678 0.9539464584144174
1.817638785829629 0.9496640546277447
1.81764879381989 0.9446632055518175
1.817658801810151 0.9303920697450283
1.817668809800412 0.964057638461988
1.8176788092514322 0.9105630018420869
1.8176888172416934 0.9362115614337316
1.8176988252319544 0.9578025743710262
1.8177088332222153 0.9409011514262964
1.8177188412124763 0.9887511462965008
1.8177288492027377 0.9186075276930613
1.8177388571929987 0.9466948182374959
1.8177488566440188 0.9117000948876935
1.8177588646342797 0.888834697813761
1.817768872624541 0.905065478262224
1.8177788806148019 0.928476679369392
1.817788888605063 0.9209223223181285
1.817798896595324 0.8872009537248403
1.817808904585585 0.9180852287490064
1.8178189125758462 0.9311185953051089
1.8178289205661071 0.9320130642365737
1.8178389200171274 0.916207832155583
1.8178489280073884 0.9083704545201735
1.8178589359976496 0.9069952236140894
1.8178689439879105 0.9068010200758814
1.8178789519781715 0.8952864261415696
1.8178889599684325 0.9277244446679195
1.8178989679586937 0.9396995091443148
1.817908967409714 0.9457143958448213
1.817918975399975 0.8819399181924299
1.817928983390236 0.8515967591273915
1.8179389913804969 0.9350826522604885
1.8179489993707583 0.9059286615956129
1.8179590073610192 0.8796036037422652
1.8179690153512802 0.8716296598174961
1.8179790233415412 0.8856742128243472
1.8179890313318021 0.8857415136091606
1.8179990307828227 0.9078226205146129
1.8180090387730836 0.8970631151324362
1.8180190467633446 0.8959339627797908
1.8180290547536055 0.8994685856212817
1.8180390627438667 0.8926968452507179
1.8180490707341277 0.881604909453903
1.8180590787243889 0.9062123990047877
1.818069078175409 0.8982578060420702
1.81807908616567 0.8881370751536751
1.8180890941559311 0.9311829169205934
1.818099102146192 0.8818038689925988
1.8181091101364533 0.934021772579889
1.8181191181267142 0.9023748860923704
1.8181291261169754 0.9261770173992518
1.8181391341072364 0.900218637445768
1.8181491420974973 0.9343035521394759
1.8181591415485174 0.8918503765171002
1.8181691495387786 0.9172569266336872
1.8181791575290398 0.9071957354080613
1.8181891655193008 0.9087156341316039
1.8181991735095617 0.8944251449025514
1.8182091814998227 0.8922365296310532
1.8182191894900839 0.9189819894391612
1.8182291889411042 0.9320838862270656
1.8182391969313652 0.9219598317911981
1.8182492049216261 0.8695628954948494
1.818259212911887 0.8776371531265351
1.8182692209021483 0.9671570457427564
1.8182792288924094 0.9300429392407942
1.8182892368826704 0.9139069920362964
1.8182992448729314 0.9011249200500931
1.8183092528631926 0.9479010405267415
1.8183192523142127 0.9567335417692822
1.8183292603044738 0.8786501752700481
1.8183392682947348 0.9115405645510929
1.8183492762849958 0.9238596510425412
1.818359284275257 0.8968813639011929
1.818369292265518 0.8605993227937111
1.8183793002557789 0.9114314282996951
1.8183892997067992 0.9009693147259364
1.8183993076970604 0.9080358601157237
1.8184093156873213 0.8783406852695025
1.8184193236775823 0.9130446162348871
1.8184293316678433 0.8928818603610021
1.8184393396581044 0.9117525780744626
1.8184493476483656 0.8719628857403429
1.8184593556386266 0.8906416487002896
1.8184693636288876 0.8902787349209619
1.8184793630799077 0.8894079354909891
1.818489371070169 0.9303706469225632
1.81849937906043 0.9199410530439588
1.818509387050691 0.902476703789229
1.818519395040952 0.8715132615054083
1.8185294030312131 0.908682156427124
1.818539411021474 0.8985556927897062
1.8185494104724944 0.8929332602519324
1.8185594184627554 0.9000548987674107
1.8185694264530163 0.907158136070466
1.8185794344432775 0.8682064341359225
1.8185894424335385 0.8778513876979573
1.8185994504237994 0.8729934796675857
1.8186094584140606 0.8958493852405005
1.8186194664043218 0.887924419453163
1.8186294743945828 0.9106951002971843
1.8186394738456029 0.866592647509506
1.8186494818358638 0.8940503962500944
1.818659489826125 0.8517987531018124
1.8186694978163862 0.8885338959481175
1.8186795058066472 0.8808561685352965
1.8186895137969081 0.8813796115409448
1.818699521787169 0.8848181039557359
1.8187095212381896 0.8610809871042467
1.8187195292284506 0.8756811476976524
1.8187295372187116 0.8883559183087916
1.8187395452089725 0.8705806298282441
1.8187495531992335 0.8598981210898083
1.8187595611894947 0.9301928565329177
1.8187695691797559 0.8823603819220269
1.8187795771700168 0.8777321374747306
1.8187895851602778 0.8926105179862432
1.818799584611298 0.8680984884106089
1.818809592601559 0.8691445274755353
1.8188196005918202 0.888163660697041
1.8188296085820812 0.8818810286490784
1.8188396165723422 0.8666704717329557
1.8188496245626034 0.8753444852608885
1.8188596325528643 0.8677287760927479
1.8188696320038846 0.9147217379070686
1.8188796399941456 0.871001694677396
1.8188896479844068 0.8770129374414357
1.8188996559746677 0.8603793929484487
1.8189096639649287 0.8580191877155603
1.8189196719551897 0.8775522821929881
1.8189296799454509 0.8837755856853565
1.818939687935712 0.8540926804673121
1.818949695925973 0.8708893908090324
1.818959695376993 0.8913268720699178
1.818969703367254 0.8810265577006092
1.8189797113575155 0.8626130022055202
1.8189897193477764 0.8775098498040222
1.8189997273380374 0.8410445482205183
1.8190097353282983 0.8926249052838989
1.8190197433185593 0.8567103230025768
1.8190297427695798 0.8912591468960449
1.8190397507598408 0.8541457808869167
1.8190497587501018 0.8654938774502471
1.8190597667403627 0.8413389593875968
1.819069774730624 0.8826387700801729
1.8190797827208849 0.8644621844732701
1.8190897907111458 0.8746312694491762
1.819099798701407 0.8717862199902912
1.819109806691668 0.8568622303969421
1.8191198061426883 0.8612435848580378
1.8191298141329493 0.85328478154877
1.8191398221232102 0.8532985349853359
1.8191498301134714 0.8450005662922341
1.8191598381037326 0.8699073494203348
1.8191698460939936 0.857620196749918
1.8191798540842545 0.8822933380437856
1.8191898535352746 0.8946702577930669
1.8191998615255358 0.829524084689883
1.819209869515797 0.8194302645624187
1.819219877506058 0.8392106758294462
1.819229885496319 0.8460655268998833
1.8192398934865799 0.8297514117583444
1.819249901476841 0.8294591455389746
1.8192599094671023 0.8496166211997143
1.8192699174573632 0.8290715263838839
1.8192799169083833 0.8402044937713983
1.8192899248986443 0.834076720524802
1.8192999328889055 0.8461395593777474
1.8193099408791666 0.8066627451810898
1.8193199488694276 0.848865728421957
1.8193299568596886 0.8069488369821637
1.8193399648499498 0.8409206164474575
1.8193499643009698 0.8286459269353852
1.819359972291231 0.8390966746877615
1.819369980281492 0.8365386285018922
1.819379988271753 0.8424633176470507
1.8193899962620141 0.8164526443869831
1.819400004252275 0.8157010099053462
1.819410012242536 0.8515477386882566
1.8194200202327973 0.8085762857100244
1.8194300282230584 0.8462779005775497
1.8194400276740785 0.8123066338616437
1.8194500356643395 0.8335429833013843
1.8194600436546005 0.8262643212871549
1.8194700516448614 0.8300170239410983
1.8194800596351228 0.8243772533668319
1.8194900676253838 0.8630421367189124
1.8195000756156448 0.8575728042159011
1.8195100750666648 0.8405992535167192
1.8195200830569263 0.8239199143678526
1.8195300910471872 0.832892593237382
1.8195400990374482 0.8543995284619705
1.8195501070277091 0.8093362634428891
1.8195601150179703 0.8383550794586407
1.8195701230082313 0.8325359576840349
1.8195801309984923 0.8019383820496054
1.8195901389887534 0.8298029988391609
1.8196001384397735 0.8744198341528081
1.8196101464300347 0.8554349697046874
1.8196201544202957 0.8303668444616009
1.8196301624105566 0.8391874879018946
1.8196401704008178 0.846913391423364
1.819650178391079 0.8189190991186328
1.81966018638134 0.8287546916550175
1.81967018583236 0.869542873299761
1.819680193822621 0.8186721187207111
1.8196902018128822 0.8424361602761071
1.8197002098031434 0.8463402589349988
1.8197102177934044 0.8479163311474632
1.8197202257836653 0.8197152220927407
1.8197302337739263 0.8470499087355761
1.8197402417641875 0.836089943952267
1.8197502497544487 0.8485901765896446
1.8197602492054687 0.8083212571858667
1.8197702571957297 0.8063786115628733
1.8197802651859907 0.8315320633524534
1.8197902731762519 0.8271932845371678
1.819800281166513 0.8579322629825563
1.819810289156774 0.8681784469183248
1.819820297147035 0.8131450077084156
1.8198302965980553 0.8152972923330176
1.8198403045883162 0.8304949576948579
1.8198503125785774 0.8250342918375404
1.8198603205688384 0.8054210947335466
1.8198703285590994 0.8075194656326727
1.8198803365493605 0.8332493815636081
1.8198903445396215 0.7916970013519437
1.8199003525298825 0.8244721687692251
1.8199103605201434 0.7907441724899769
1.819920359971164 0.8203798787576885
1.819930367961425 0.796722349352194
1.819940375951686 0.8154981872588163
1.8199503839419469 0.8022763684934106
1.8199603919322078 0.8044332255793433
1.8199703999224692 0.7810934572548723
1.8199804079127302 0.7683976004887281
1.8199904073637503 0.8120840861405423
1.8200004153540112 0.782858010861084
1.8200104233442727 0.7960072073100554
1.8200204313345336 0.8041184002887856
1.8200304393247946 0.8348452874578621
1.8200404473150555 0.7855593461805578
1.8200504553053165 0.8158005616919674
1.8200604632955777 0.7742674463960818
1.8200704712858387 0.7696654647503764
1.820080470736859 0.8151396151053473
1.82009047872712 0.7930708731835
1.8201004867173811 0.7865059274439681
1.820110494707642 0.7901981343833874
1.820120502697903 0.8043924765404847
1.8201305106881642 0.7680844980444114
1.8201405186784252 0.7879923476678339
1.8201505181294455 0.7435616800173036
1.8201605261197065 0.823388884770425
1.8201705341099674 0.7862976903807181
1.8201805421002286 0.7552695922318066
1.8201905500904898 0.7738004892923764
1.8202005580807508 0.7974473147848232
1.8202105660710117 0.7697983927449009
1.8202205740612727 0.8018811416202606
1.8202305820515337 0.7678033453075673
1.8202405815025542 0.7871074082637569
1.8202505894928152 0.8019623873166164
1.8202605974830761 0.7916623660650263
1.820270605473337 0.7860623583498877
1.8202806134635983 0.7850638865679801
1.8202906214538594 0.7737791086901027
1.8203006294441204 0.7932955169135136
1.8203106288951405 0.8179504581511723
1.8203206368854015 0.8052708901421545
1.8203306448756627 0.7706124124057683
1.8203406528659238 0.7824849621547537
1.8203506608561848 0.7758236243074668
1.8203606688464458 0.7580886596173069
1.820370676836707 0.7832727180174379
1.820380684826968 0.7857167290437815
1.8203906928172289 0.7621895674054985
1.8204006922682492 0.7816458024408485
1.8204107002585102 0.7668704441370676
1.8204207082487713 0.7750736990238463
1.8204307162390323 0.7418293296498897
1.8204407242292933 0.7840107182739215
1.8204507322195542 0.7579106330321407
1.8204607402098156 0.7490382573762886
1.8204707396608357 0.7814892350039242
1.8204807476510967 0.7630816322524693
1.8204907556413576 0.7242725071241709
1.8205007636316188 0.7285594571921378
1.82051077162188 0.7621176155421211
1.820520779612141 0.7268520171097507
1.820530787602402 0.7348166697969365
1.820540795592663 0.7165244261780983
1.820550803582924 0.7283246352226338
1.8205608030339444 0.7442879708500755
1.8205708110242054 0.7360935292295312
1.8205808190144663 0.7291099080371201
1.8205908270047275 0.7288765869502565
1.8206008349949885 0.7559986152290984
1.8206108429852494 0.7038190215742068
1.8206208509755106 0.7239273756724088
1.8206308504265307 0.7245343832114625
1.820640858416792 0.7294692678152461
1.8206508664070529 0.7196709956472286
1.8206608743973138 0.7312821958340534
1.820670882387575 0.7364987261118433
1.8206808903778362 0.7202031225682051
1.8206908983680972 0.7124378756587658
1.8207009063583581 0.7051150753727704
1.820710914348619 0.7328582817329045
1.8207209137996394 0.7114739444355914
1.8207309217899006 0.7249198634985111
1.8207409297801616 0.7055048440506536
1.8207509377704225 0.7077469394547536
1.8207609457606835 0.7518894653316375
1.8207709537509447 0.741542420120485
1.8207809617412059 0.7278552183156072
1.820790961192226 0.7120508349048216
1.820800969182487 0.6965735827415134
1.8208109771727479 0.6919791357526963
1.820820985163009 0.7169304063298871
1.8208309931532702 0.6931863465835235
1.8208410011435312 0.727930639908894
1.8208510091337922 0.7051897643514129
1.8208610171240533 0.6749583897454898
1.8208710251143143 0.676640517570432
1.8208810245653344 0.6643669199542205
1.8208910325555956 0.6695453527627384
1.8209010405458566 0.6600487303534696
1.8209110485361177 0.6425885754731394
1.8209210565263787 0.6252547504198984
1.8209310645166397 0.624892050687153
1.8209410725069006 0.5870620408329971
1.8209510719579212 0.5716010264473452
1.8209610799481821 0.5700369398810411
1.820971087938443 0.5561846516526042
1.820981095928704 0.5453885298655039
1.820991103918965 0.5147341708100204
1.8210011119092264 0.4752071867133858
1.8210111198994874 0.4498896478687842
1.8210211278897483 0.4249609263023828
1.8210311358800093 0.40130909277854604
1.8210411353310296 0.38559997759816433
1.8210511433212908 0.35148435596659405
1.8210611513115518 0.3386320034213403
1.8210711593018127 0.30580599849301743
1.8210811672920737 0.2800225460345082
1.8210911752823349 0.2873392805327236
1.8211011832725958 0.24298809711383482
1.8211111827236162 0.23816009781046102
1.8211211907138771 0.20842989032330708
1.8211311987041383 0.1870479703293943
1.8211412066943993 0.18252358908027672
1.8211512146846602 0.1733289076402479
1.8211612226749214 0.14760497651119123
1.8211712306651824 0.1400606056525761
1.8211812386554436 0.12338546439092761
1.8211912466457045 0.11618043547664701
1.8212012460967246 0.10334798178646955
1.8212112540869858 0.09331232272584497
1.821221262077247 0.09135977051363772
1.821231270067508 0.0796018204631997
1.821241278057769 0.07162819380251242
1.8212512860480299 0.06797637482934014
1.8212612940382908 0.05881552798226143
1.8212712934893114 0.05457779679242963
1.8212813014795723 0.05004826193566248
1.8212913094698333 0.04634405170247033
1.8213013174600943 0.043076558591352225
1.8213113254503555 0.03817622661672317
1.8213213334406166 0.03418550501334828
1.8213313414308776 0.03149103974153171
1.8213413494211386 0.029122791435504
1.8213513574113998 0.027790924860335863
1.8213613568624198 0.025359401519241632
1.8213713648526808 0.022195452324249788
1.821381372842942 0.020765050899778734
1.821391380833203 0.018841826483075672
1.8214013888234641 0.016660230280365833
1.821411396813725 0.01528118382147198
1.821421404803986 0.013645454322843692
1.8214314042550064 0.012835772171994695
1.8214414122452673 0.011844670940704558
1.8214514202355285 0.01058663646311456
1.8214614282257895 0.00931530330432794
1.8214714362160505 0.008767383424580109
1.8214814442063114 0.007766010975723804
1.8214914521965728 0.007244259516914713
1.8215014601868338 0.006708308088839572
1.8215114681770948 0.006436829416940308
1.8215214676281148 0.005876990653058086
1.821531475618376 0.005088080807023813
1.8215414836086372 0.004862549103570586
1.8215514915988982 0.00446554016548928
1.8215614995891591 0.00420998937711038
1.82157150757942 0.0037023885996549277
1.8215815155696813 0.0035837689302592353
1.8215915150207016 0.0032672472417588387
1.8216015230109626 0.0029654800042358265
1.8216115310012235 0.0026919686630450697
1.8216215389914847 0.002549089006573456
1.8216315469817457 0.002357832773342673
1.8216415549720066 0.0021732815845775734
1.8216515629622678 0.002054504041890777
1.8216615709525288 0.0019494764804968594
1.82167157894279 0.001756503421124606
1.82168157839381 0.0016041168471568447
1.821691586384071 0.0014502437416539838
1.8217015943743322 0.0014332600641103613
1.8217116023645934 0.001310542169915913
1.8217216103548544 0.0011919087280041162
1.8217316183451153 0.0011273843453671825
1.8217416263353763 0.0009845822453118567
1.8217516257863964 0.0009317748843036216
1.8217616337766578 0.0008670876488504505
1.8217716417669187 0.000819484983818782
1.8217816497571797 0.0007797924033059786
1.8217916577474407 0.0007274732023263284
1.8218016657377019 0.0006830334928090361
1.8218116737279628 0.0006142695678071523
1.821821681718224 0.0005918436604290333
1.821831689708485 0.0005701944686706714
1.821841689159505 0.0005037777704104708
1.8218516971497662 0.0004981406693726468
1.8218617051400272 0.00047072362985277306
1.8218717131302884 0.00045289132293554535
1.8218817211205494 0.0004045581922466856
1.8218917291108105 0.0003855680153595361
1.8219017371010715 0.000350590383932613
1.8219117365520916 0.00033445446638512175
1.8219217445423528 0.00030634514361474924
1.8219317525326137 0.0002914700933112797
1.821941760522875 0.0002853152597459559
1.821951768513136 0.0002707995884557119
1.8219617765033969 0.0002543946653927331
1.8219717844936578 0.0002418744528855682
1.8219817924839192 0.00020498448918451385
1.8219918004741802 0.00019181033330467216
1.8220017999252003 0.0001721836857286834
1.8220118079154612 0.00016212052445445493
1.8220218159057222 0.00015124533911498587
1.8220318238959836 0.00013831873231672366
1.8220418318862446 0.00011991706762180559
1.8220518398765055 0.00011440368143715846
1.8220618478667665 0.00011508242375339314
1.8220718473177868 0.00010405357356478776
1.822081855308048 9.72097888953203e-05
1.822091863298309 9.03127361432255e-05
1.82210187128857 8.270428282707446e-05
1.822111879278831 7.615422451064338e-05
1.822121887269092 7.225418388206435e-05
1.822131895259353 6.547899423844313e-05
1.8221419032496142 6.621097756137784e-05
1.8221519112398752 5.721843828028572e-05
1.8221619106908955 5.788592798827493e-05
1.8221719186811565 5.193869100024724e-05
1.8221819266714174 5.179943228969689e-05
1.8221919346616784 4.4946202073256816e-05
1.8222019426519396 4.050391472155225e-05
1.8222119506422008 4.512497766957826e-05
1.8222219586324617 3.951491026222164e-05
1.8222319580834818 3.674066392562461e-05
1.8222419660737428 3.677155535940716e-05
1.8222519740640042 3.4651097937072756e-05
1.8222619820542652 3.159519208287307e-05
1.8222719900445261 2.8520162783908174e-05
1.822281998034787 2.9636028243598245e-05
1.822292006025048 2.733480625346146e-05
1.8223020140153092 2.9812198208138262e-05
1.8223120220055704 2.2973120998542666e-05
1.8223220214565905 2.461920360300107e-05
1.8223320294468515 2.5964980453902806e-05
1.8223420374371126 2.4162618670295542e-05
1.8223520454273736 2.165379395663089e-05
1.8223620534176348 2.2508212154061915e-05
1.8223720614078958 2.153153539062434e-05
1.822382069398157 1.9825995350792176e-05
1.822392068849177 2.1247556854268058e-05
1.822402076839438 2.2532220884762765e-05
1.8224120848296992 1.9123219060606738e-05
1.8224220928199601 1.859332240708336e-05
1.8224321008102213 1.7634778129587746e-05
1.8224421088004823 2.2140325426154572e-05
1.8224521167907433 1.778910096360155e-05
1.8224621247810042 1.594578852026612e-05
1.8224721327712656 1.747793017533406e-05
1.8224821322222857 1.776597309202457e-05
1.8224921402125467 1.8832978040024174e-05
1.8225021482028076 1.6074223404793843e-05
1.8225121561930686 1.5786323561566786e-05
1.82252216418333 1.7073871164033392e-05
1.822532172173591 1.8167409271787793e-05
1.822542180163852 1.6040725243827198e-05
1.822552179614872 1.4190673242250373e-05
1.8225621876051332 1.4027620239471655e-05
1.8225721955953944 1.4389178496208568e-05
1.8225822035856554 1.5811533771917357e-05
1.8225922115759163 1.568754555597772e-05
1.8226022195661773 1.5198369542304725e-05
1.8226122275564385 1.4543502168144696e-05
1.8226222355466994 1.2379611050698043e-05
1.8226322435369606 1.5988178930896104e-05
1.8226422515272216 1.6076259208396046e-05
1.822652250978242 1.4077450210775589e-05
1.8226622589685029 1.3111126270244483e-05
1.8226722669587638 1.8144583348151635e-05
1.8226822749490248 1.357641172064433e-05
1.822692282939286 1.260131883207303e-05
1.8227022823903063 1.487637097810993e-05
1.8227122903805673 1.391332724606112e-05
1.8227222983708282 1.3470974064658239e-05
1.8227323063610892 1.1387542215882253e-05
1.8227423143513506 1.4106296239091722e-05
1.8227523223416116 1.174164646898365e-05
1.8227623303318725 1.670251998228084e-05
1.8227723383221335 1.287357003463332e-05
1.8227823463123944 1.6507260313251738e-05
1.8227923543026556 1.6632862602494424e-05
1.8228023622929168 1.2207732378955808e-05
1.822812361743937 1.3027827515404647e-05
1.8228223697341979 1.2076136129267758e-05
1.822832377724459 1.408098383763831e-05
1.82284238571472 1.3073774805075635e-05
1.8228523937049812 1.3261388556488371e-05
1.8228624016952422 1.3292785598455308e-05
1.8228724011462623 1.3708091669331405e-05
1.8228824091365234 1.2059102872263453e-05
1.8228924171267844 1.2514716043564288e-05
1.8229024251170456 1.1781131403003024e-05
1.8229124331073066 1.3806131321344713e-05
1.8229224410975677 1.3236220701524791e-05
1.8229324490878287 1.2121294415880604e-05
1.8229424570780897 1.2114597791557564e-05
1.8229524650683506 1.3883884751923684e-05
1.8229624730586118 1.4474047715559477e-05
1.8229724725096321 1.1734970441009445e-05
1.822982480499893 1.2279706874360282e-05
1.822992488490154 1.1688855773717996e-05
1.823002496480415 1.3200731570167156e-05
1.8230125044706764 1.3787610306660373e-05
1.8230225039216965 1.2949798177678248e-05
1.8230325119119575 1.1943813132636935e-05
1.8230425199022184 1.1851081915305121e-05
1.8230525278924794 1.4938981863014474e-05
1.8230625358827408 1.4244165138925676e-05
1.8230725438730018 1.147165295306241e-05
1.8230825518632627 1.3019730658578784e-05
1.8230925598535237 1.2141378550730802e-05
1.8231025678437849 1.3053440682907577e-05
1.8231125758340458 1.2584269198567543e-05
1.8231225838243068 1.1769418340698148e-05
1.8231325832753271 1.378557863902146e-05
1.823142591265588 1.2603379108710639e-05
1.8231525992558493 1.2226918010866412e-05
1.8231626072461102 1.270518519929562e-05
1.8231726152363712 1.1752330602319569e-05
1.8231826232266324 1.2176290475364002e-05
1.8231926226776527 1.2360925815477816e-05
1.8232026306679137 1.1861920253803362e-05
1.8232126386581746 1.2247515563292634e-05
1.8232226466484356 1.3458324637230396e-05
1.8232326546386968 1.2223821515923896e-05
1.823242662628958 1.1268652852168254e-05
1.823252670619219 1.2499366430754405e-05
1.8232626786094799 1.3021019821020818e-05
1.8232726865997408 1.2718561665874676e-05
1.8232826860507614 1.2425160289136026e-05
1.8232926940410223 1.2794019255139455e-05
1.8233027020312833 1.2747558098724177e-05
1.8233127100215443 1.283648152257849e-05
1.8233227180118055 1.3282811209516887e-05
1.8233327260020664 1.1121874752003353e-05
1.8233427339923276 1.4836176796749165e-05
1.8233527334433477 1.1317096002317602e-05
1.8233627414336087 1.1655851346493898e-05
1.8233727494238698 1.1055031897429476e-05
1.8233827574141308 1.3958025904771923e-05
1.823392765404392 1.3919062982972472e-05
1.823402773394653 1.2666773359628539e-05
1.8234127813849141 1.488788481245913e-05
1.823422789375175 1.3227720202939096e-05
1.823432797365436 1.1882258601956983e-05
1.8234427968164564 1.2423615445782222e-05
1.8234528048067173 1.241097783496745e-05
1.8234628127969785 1.2099404610286463e-05
1.8234728207872395 1.2263233567968715e-05
1.8234828287775005 1.3443148620671035e-05
1.8234928367677614 1.3192041230935504e-05
1.823502836218782 1.2294475334590917e-05
1.823512844209043 1.414037737622043e-05
1.8235228521993039 1.186424209287463e-05
1.8235328601895648 1.1412347835681036e-05
1.8235428681798258 1.6475970284260236e-05
1.8235528761700872 1.2744447130644376e-05
1.8235628841603482 1.1361116153697985e-05
1.8235728921506091 1.3375129634966024e-05
1.82358290014087 1.1834747595829285e-05
1.8235929081311313 1.1974985604276473e-05
1.8236029075821516 1.2306569254305485e-05
1.8236129155724126 1.2754046616026635e-05
1.8236229235626735 1.3141683391838473e-05
1.8236329315529345 1.2794107633398789e-05
1.8236429395431957 1.1765543666166463e-05
1.8236529475334566 1.3148856932099499e-05
1.823662946984477 1.209280361321466e-05
1.823672954974738 1.2175225118065486e-05
1.823682962964999 1.329768374386575e-05
1.82369297095526 1.146964562996655e-05
1.823702978945521 1.285505680263515e-05
1.823712986935782 1.2572915593836179e-05
1.8237229949260432 1.410561415568643e-05
1.8237330029163044 1.3581164200436121e-05
1.8237430109065653 1.3191980479480415e-05
1.8237530188968263 1.3378579385674996e-05
1.8237630268870872 1.452880851690594e-05
1.8237730263381078 1.4233804613499132e-05
1.8237830343283687 1.2986317002144866e-05
1.8237930423186297 1.177009586237919e-05
1.8238030503088907 1.3408895308948353e-05
1.8238130582991516 1.333205203367408e-05
1.8238230577501722 1.1511820256891795e-05
1.8238330657404331 1.5138819119275927e-05
1.823843073730694 1.5914903147438543e-05
1.823853081720955 1.2056909470033903e-05
1.8238630897112162 1.2562121802108405e-05
1.8238730977014772 1.2400637150847436e-05
1.8238831056917384 1.2884542429439641e-05
1.8238931136819994 1.1354055165918576e-05
1.8239031216722603 1.1193863326345029e-05
1.8239131296625215 1.4309287185527793e-05
1.8239231376527825 1.2191832853930059e-05
1.8239331371038028 1.1218996176191204e-05
1.8239431450940637 1.2176206364819715e-05
1.823953153084325 1.3333065112244056e-05
1.823963161074586 1.1449407163147731e-05
1.8239731690648469 1.2348380407279073e-05
1.8239831770551078 1.2666394203097669e-05
1.8239931765061281 1.1477650602129478e-05
1.8240031844963893 1.30423845176794e-05
1.8240131924866503 1.1991844822601442e-05
1.8240232004769112 1.3140109974134186e-05
1.8240332084671722 1.2039321165155274e-05
1.8240432164574336 1.1828944659619623e-05
1.8240532244476946 1.2088210108827225e-05
1.8240632324379555 1.2543305502574181e-05
1.8240732404282165 1.2715604167167492e-05
1.8240832484184775 1.2169759619260146e-05
1.8240932478694978 1.31917678515908e-05
1.824103255859759 1.358163328533037e-05
1.82411326385002 1.2682591375370907e-05
1.824123271840281 1.4814090723431596e-05
1.824133279830542 1.2817254270598349e-05
1.824143287820803 1.1477809172827893e-05
1.8241532872718234 1.355629465672426e-05
1.8241632952620843 1.2002342066771214e-05
1.8241733032523453 1.4667226544987228e-05
1.8241833112426065 1.2744359095426509e-05
1.8241933192328674 1.2414236078495528e-05
1.8242033272231284 1.3596840405597576e-05
1.8242133352133896 1.3222208462382164e-05
1.8242233432036508 1.1377766061890641e-05
1.8242333511939117 1.2914006480282738e-05
1.8242433506449318 1.3505137181787048e-05
1.8242533586351928 1.1748650917688783e-05
1.8242633666254542 1.1934576153197708e-05
1.8242733746157151 1.2105089366697507e-05
1.8242833826059761 1.233794983190203e-05
1.824293390596237 1.1780561748567255e-05
1.824303398586498 1.4058468107249208e-05
1.8243133980375186 1.1395122544607603e-05
1.8243234060277795 1.4154841151902302e-05
1.8243334140180405 1.4015480774475014e-05
1.8243434220083015 1.1712726436956296e-05
1.8243534299985626 1.208526005082402e-05
1.8243634379888236 1.2769003323368522e-05
1.8243734459790848 1.2786892086084459e-05
1.8243834539693458 1.3683399286049888e-05
1.8243934619596067 1.143568015352764e-05
1.824403461410627 1.3089498268611737e-05
1.824413469400888 1.667389260809309e-05
1.8244234773911492 1.3747920117569866e-05
1.8244334853814101 1.266222423024036e-05
1.8244434933716713 1.2364996563571085e-05
1.8244535013619323 1.3627180235100623e-05
1.8244635008129524 1.205702051878537e-05
1.8244735088032134 1.1304022154360183e-05
1.8244835167934745 1.2032226536637054e-05
1.8244935247837357 1.288151667373009e-05
1.8245035327739967 1.3520912428960814e-05
1.8245135407642576 1.1868914463682743e-05
1.8245235487545186 1.396349069647365e-05
1.82453355674478 1.2684752562681693e-05
1.824543564735041 1.4338971448876752e-05
1.824553572725302 1.3150794762046135e-05
1.824563580715563 1.1932158124997019e-05
1.824573580166583 1.197746746953007e-05
1.8245835881568442 1.4564782380265097e-05
1.8245935961471054 1.1636275633008945e-05
