1.7168523976677226 8.376835749325342e-06
1.71686206408835 7.763901198025034e-06
1.7168717475874593 8.996632903697067e-06
1.7168814140080868 8.711240421561225e-06
1.7168910975071963 7.890054444070196e-06
1.7169007639278238 8.261901254061763e-06
1.7169104303484513 7.397415279336905e-06
1.7169201138475605 8.09244953878906e-06
1.7169297802681882 8.24289940847303e-06
1.7169394637672972 1.0329516649657813e-05
1.716949130187925 9.29137524474141e-06
1.7169587966085524 9.10080900289854e-06
1.716968480107662 8.791844536768533e-06
1.7169781465282892 9.270005674677848e-06
1.7169878300273986 1.0594488648967549e-05
1.7169974964480261 9.079877723028753e-06
1.7170071628686538 8.300036457551301e-06
1.7170168463677629 8.51294838064442e-06
1.7170265127883906 9.355779981115812e-06
1.7170361962874996 8.167328052452785e-06
1.7170458627081273 8.396146350067021e-06
1.7170555462072365 9.420631149795248e-06
1.7170652126278643 7.763901198025034e-06
1.7170748790484915 9.617894302272455e-06
1.717084562547601 8.473834935727353e-06
1.7170942289682285 8.996632903697067e-06
1.7171039124673375 8.751449680411844e-06
1.7171135788879652 8.51294838064442e-06
1.7171232453085927 7.262397234153594e-06
1.7171329288077022 8.300036457551301e-06
1.7171425952283295 1.0048008643912566e-05
1.717152278727439 9.978838638941832e-06
1.7171619451480664 7.835739691321017e-06
1.7171716115686941 8.95529713026308e-06
1.7171812950678031 8.454345656196973e-06
1.7171909614884309 8.376835749325342e-06
1.7172006449875399 8.691205124565252e-06
1.7172103114081676 1.0164359100407836e-05
1.717219977828795 9.270005674677848e-06
1.7172296613279046 9.841923840012392e-06
1.717239327748532 9.163892797190115e-06
1.7172490112476413 9.355779981115812e-06
1.7172586776682688 8.975941222206656e-06
1.7172683440888965 9.227413867453675e-06
1.7172780275880055 8.261901254061763e-06
1.7172876940086332 7.963060218979974e-06
1.7172973775077425 7.72822931229615e-06
1.7173070439283702 8.186155688073986e-06
1.7173167103489975 8.24289940847303e-06
1.717326393848107 7.5523133360575286e-06
1.7173360602687344 8.812111831569688e-06
1.7173457437678437 7.67502855591838e-06
1.7173554101884712 9.52943166276956e-06
1.7173650936875806 8.934062781019598e-06
1.7173747601082079 8.857333556659065e-06
1.7173844265288354 7.300220869883836e-06
1.7173941100279448 1.0438497703388223e-05
1.7174037764485723 9.496837349723251e-06
1.7174134599476816 7.587103350407395e-06
1.717423126368309 8.684483612586907e-06
1.7174327927889368 8.290104403867955e-06
1.7174424762880458 8.943077616755244e-06
1.7174521427086735 8.218735425032722e-06
1.7174618262077828 8.018220590109518e-06
1.7174714926284105 9.703602551145953e-06
1.7174811590490378 8.250019973713627e-06
1.7174908425481472 7.804426591616805e-06
1.7175005089687747 9.925833822514016e-06
1.717510192467884 8.398234556576815e-06
1.7175198588885114 8.125685327929474e-06
1.7175295253091392 9.096870242694005e-06
1.7175392088082482 8.695949319659516e-06
1.717548875228876 8.851665626475806e-06
1.7175585587279851 8.847773575144426e-06
1.7175682251486128 8.250798861772266e-06
1.7175778915692403 9.345595935148633e-06
1.7175875750683496 8.640223963801162e-06
1.717597241488977 8.920331622086145e-06
1.7176069249880863 8.036963574450255e-06
1.7176165914087138 8.5046216956339e-06
1.7176262578293415 9.226139141173636e-06
1.7176359413284508 1.0095434142163568e-05
1.717645607749078 8.40194820615368e-06
1.7176552912481875 9.262623253835194e-06
1.717664957668815 8.910395885414336e-06
1.7176746411679242 1.0582541981049426e-05
1.7176843075885517 7.729973409819207e-06
1.7176939740091794 9.709704208882594e-06
1.7177036575082885 7.543623417284117e-06
1.7177133239289162 7.5220635806580395e-06
1.7177230074280254 9.35166627218597e-06
1.7177326738486531 8.634476264498285e-06
1.7177423402692806 8.735846614293507e-06
1.7177520237683899 8.366233856558827e-06
1.7177616901890174 9.979964581588504e-06
1.7177713736881266 8.356145625933132e-06
1.717781040108754 7.878816758549506e-06
1.7177907065293818 9.885462659976654e-06
1.717800390028491 9.65010413781043e-06
1.7178100564491188 8.33318455020192e-06
1.7178197399482278 1.0679157704401256e-05
1.7178294063688555 8.339960620548765e-06
1.717839072789483 8.358974492907501e-06
1.7178487562885922 1.0368811994580001e-05
1.7178584227092197 9.991415044786376e-06
1.7178681062083292 8.212020030174102e-06
1.7178777726289565 1.011973173733742e-05
1.7178874390495842 8.402141670387954e-06
1.7178971225486934 8.156897406572753e-06
1.7179067889693211 8.226251822033483e-06
1.7179164724684302 9.302742503255665e-06
1.7179261388890577 9.009216011435826e-06
1.7179358053096854 9.821390974873687e-06
1.7179454888087944 8.225891938654317e-06
1.717955155229422 8.790265648884913e-06
1.7179648387285313 8.070714788128533e-06
1.717974505149159 7.546298846170573e-06
1.717984188648268 9.054802873561276e-06
1.7179938550688958 9.011809445454026e-06
1.7180035214895233 8.105503543819708e-06
1.7180132049886325 7.810880616710562e-06
1.71802287140926 8.985143137236308e-06
1.7180325549083695 8.843923962817714e-06
1.7180422213289968 7.804139071211885e-06
1.7180518877496245 8.49632271860396e-06
1.7180615712487337 7.941215836661336e-06
1.7180712376693614 8.644104330811642e-06
1.7180809211684704 1.0565133764536399e-05
1.7180905875890982 9.84593580799113e-06
1.7181002540097257 9.558835768377132e-06
1.718109937508835 9.280876637134545e-06
1.7181196039294624 1.0203942437458093e-05
1.7181292874285718 1.0321195396307776e-05
1.7181389538491993 9.50466906206785e-06
1.7181486202698268 8.958370087093564e-06
1.718158303768936 1.0628818720023982e-05
1.7181679701895638 9.17499845938909e-06
1.7181776536886728 8.677107941049674e-06
1.7181873201093005 9.708988797794255e-06
1.718196986529928 9.485473170919718e-06
1.718206670029037 1.0097549713049982e-05
1.7182163364496648 1.1682155962869033e-05
1.718226019948774 9.27363503103748e-06
1.7182356863694017 9.310671412117129e-06
1.7182453527900292 8.915177616128516e-06
1.7182550362891384 8.900266276904275e-06
1.718264702709766 1.0702789896605066e-05
1.7182743862088752 1.019365661988253e-05
1.7182840526295027 1.0549794498272168e-05
1.7182937190501304 1.0157784618778614e-05
1.7183034025492396 1.1678686486765322e-05
1.7183130689698674 9.803361102972831e-06
1.7183227524689764 1.1119211728318675e-05
1.718332418889604 1.0695103703486957e-05
1.718342102388713 1.1393207314107171e-05
1.7183517688093408 1.275704243013334e-05
1.7183614352299683 1.4912862033593422e-05
1.7183711187290778 1.2680167779065715e-05
1.718380785149705 1.33518670732124e-05
1.7183904686488145 1.2317994334323365e-05
1.718400135069442 1.3914544690879085e-05
1.7184098014900697 1.395969726103292e-05
1.7184194849891787 1.5170748196193244e-05
1.7184291514098065 1.587866550150461e-05
1.7184388349089157 1.649719090221246e-05
1.7184485013295432 1.5031454272062926e-05
1.7184581677501707 1.5617481494025125e-05
1.7184678512492801 1.635915999909055e-05
1.7184775176699076 1.6739404345138017e-05
1.7184872011690167 1.6557242134867648e-05
1.7184968675896444 1.9470226331395887e-05
1.7185065340102719 2.289190842910355e-05
1.718516217509381 2.4212743426791795e-05
1.7185258839300086 2.051417235356688e-05
1.718535567429118 2.218502896130938e-05
1.7185452338497453 2.3491838147063766e-05
1.718554900270373 2.5738486173775005e-05
1.7185645837694823 2.591433090171501e-05
1.71857425019011 2.721121914980729e-05
1.718583933689219 3.077159444440321e-05
1.7185936001098467 3.2951485652771725e-05
1.7186032665304742 3.311448460035196e-05
1.7186129500295835 3.3418965348190414e-05
1.718622616450211 3.900506446398735e-05
1.7186322999493204 3.430709933396419e-05
1.718641966369948 4.321743624588248e-05
1.7186516498690572 4.638579453934986e-05
1.7186613162896847 4.944176886536996e-05
1.7186709827103124 4.931306540060639e-05
1.7186806662094214 5.376491951378069e-05
1.7186903326300491 5.7276042147949686e-05
1.7187000161291583 6.890107533995554e-05
1.718709682549786 6.378212729997912e-05
1.7187193489704133 6.95823352506282e-05
1.7187290324695228 7.106896651869049e-05
1.7187386988901503 7.880250078944535e-05
1.7187483823892595 8.545392201411615e-05
1.718758048809887 8.627858223811038e-05
1.7187677152305145 9.266292392613506e-05
1.7187773987296238 9.953481188588396e-05
1.7187870651502513 0.00010894642907661038
1.7187967486493607 0.00011109282227207691
1.7188064150699882 0.00011789978143718824
1.718816081490616 0.0001377869224406774
1.718825764989725 0.0001397182058058201
1.7188354314103527 0.00013935129211445677
1.7188451149094617 0.0001595074602296077
1.7188547813300894 0.00017439498822837107
1.718864447750717 0.00017550075939254034
1.7188741312498264 0.00019149480648535187
1.7188837976704536 0.00021640684824410708
1.718893481169563 0.00021736769496323493
1.7189031475901906 0.00022274655707263893
1.7189128140108183 0.00023591143916338597
1.7189224975099273 0.00024238291266745588
1.718932163930555 0.00025501281188075543
1.7189418474296643 0.0002724143617796175
1.7189515138502918 0.0002895069539955653
1.718961197349401 0.00030992599203368633
1.7189708637700287 0.00033154539488059994
1.7189805301906562 0.0003260551017823754
1.7189902136897655 0.00034713227935663304
1.718999880110393 0.0003596118547581697
1.7190095636095022 0.00038971937733993107
1.7190192300301297 0.0004159719058629121
1.7190288964507572 0.00042083320535591604
1.7190385799498666 0.0004479824494158171
1.719048246370494 0.0004888110331723159
1.7190579298696034 0.0004975251049630386
1.7190675962902309 0.0005242434342939295
1.7190772627108586 0.0005667088567234461
1.7190869462099676 0.0006245798945145948
1.7190966126305953 0.0006309675143929814
1.7191062961297046 0.0006729208734997512
1.719115962550332 0.0007210111817560426
1.7191256289709596 0.0007326119527313457
1.719135312470069 0.00077604338261494
1.7191449788906965 0.000841197551690585
1.7191546623898057 0.0008527387528215782
1.7191643288104332 0.0009288230832158469
1.719173995231061 0.0009661865777950956
1.71918367873017 0.0010428671799477924
1.7191933451507977 0.0011358055853349328
1.719203028649907 0.0011387358671866826
1.7192126950705346 0.0011815932463293427
1.719222361491162 0.0013238902995422691
1.7192320449902714 0.0013546871147925186
1.7192417114108989 0.0014761993168157718
1.7192513949100081 0.0014892581998457608
1.7192610613306356 0.0016483901093045465
1.7192707277512633 0.0017245428904081896
1.7192804112503723 0.0018927968302573793
1.719290077671 0.0019216354414931197
1.7192997611701093 0.002060373711309447
1.7193094275907368 0.0021586239934307527
1.719319111089846 0.0022661518100876204
1.7193287775104735 0.0024838021575705254
1.7193384439311012 0.0025765287923233586
1.7193481274302103 0.002925135577111306
1.719357793850838 0.003055089939059881
1.7193674773499472 0.0031965463051306497
1.719377143770575 0.0033998127636708088
1.7193868101912022 0.0036273043774710995
1.7193964936903117 0.003696493952294639
1.7194061601109392 0.0040036859132231905
1.7194158436100484 0.0042514688362862135
1.719425510030676 0.004568893133310065
1.7194351764513036 0.004609862800099744
1.7194448599504129 0.005389369993457392
1.7194545263710403 0.005217182153362927
1.7194642098701496 0.005904457487492937
1.7194738762907773 0.005966367495403815
1.7194835427114048 0.006667207935145029
1.719493226210514 0.0069582655689861845
1.7195028926311415 0.007424598956759613
1.7195125761302508 0.0076970977153125895
1.7195222425508783 0.00794176441536454
1.719531908971506 0.00873425767143066
1.7195415924706152 0.009668653577942533
1.719551258891243 0.010052822166652216
1.719560942390352 0.01043446051539345
1.7195706088109797 0.011255712718627952
1.7195802923100887 0.01208526005082397
1.7195899587307164 0.012816044302150114
1.719599625151344 0.013581351832449606
1.7196093086504531 0.014758458553866831
1.7196189750710806 0.015557291885160057
1.7196286585701899 0.01785295046550545
1.7196383249908176 0.01809705890496203
1.719647991411445 0.019177102962640358
1.7196576749105543 0.020849757109521753
1.7196673413311818 0.021553608993182274
1.7196770248302913 0.022687153005381495
1.7196866912509186 0.024870527689799145
1.7196963576715463 0.025381541814714432
1.7197060411706555 0.02835639386559389
1.7197157075912832 0.029643603793593022
1.7197253910903922 0.03191824470681783
1.71973505751102 0.033919699803196396
1.7197447239316475 0.0368685451091434
1.7197544074307567 0.039248675005668025
1.7197640738513842 0.04143181892891794
1.7197737573504936 0.04370166665298558
1.719783423771121 0.04656943833259121
1.7197930901917486 0.049563275502808535
1.7198027736908579 0.05672885265273352
1.7198124401114856 0.05615171175046857
1.7198221236105946 0.061288359953509286
1.7198317900312223 0.06725893712604278
1.7198414564518498 0.06660011820850965
1.719851139950959 0.07498372305547427
1.7198608063715866 0.07879923476678338
1.719870489870696 0.08520576892131673
1.7198801562913235 0.0856205473816641
1.7198898227119508 0.09630037981194658
1.7198995062110602 0.10444123532698293
1.7199091726316877 0.10741105938259023
1.719918856130797 0.11542237330750744
1.7199285225514245 0.12317880881925299
1.719938206050534 0.13045688368086988
1.7199478724711614 0.1349289062712149
1.719957538891789 0.1492863156885039
1.7199672223908982 0.16360930507715896
1.7199768888115259 0.1654874256288018
1.719986572310635 0.1694084231220887
1.7199962387312626 0.1794518748298421
1.7200059051518901 0.19356106366648182
1.7200155886509993 0.21379227071478682
1.7200252550716268 0.21822474767153877
1.7200349385707363 0.22392366825123525
1.7200446049913638 0.23590492077948472
1.7200542714119915 0.23528866196535878
1.7200639549111005 0.2657510566545774
1.7200736213317283 0.27581253506206055
1.7200833048308373 0.2966135590616169
1.720092971251465 0.293081226279599
1.7201026376720925 0.3104552439623956
1.720112321171202 0.3302326426921155
1.7201219875918292 0.3540992443728608
1.7201316710909387 0.3391360831661336
1.7201413375115662 0.3516365415597556
1.7201510039321937 0.36632284211032984
1.720160687431303 0.39108935939505074
1.7201703538519304 0.4004165320953483
1.7201800373510399 0.40138579611965747
1.7201897037716671 0.4153306674442152
1.7201993701922949 0.43299910631927646
1.720209053691404 0.43567034540790617
1.7202187201120318 0.43718977891432836
1.7202284036111408 0.4470097542253485
1.7202380700317685 0.4598106224176606
1.7202477535308776 0.4562301686266647
1.7202574199515053 0.4890722256581838
1.7202670863721328 0.47920903760392536
1.7202767698712422 0.48276524829679146
1.7202864362918695 0.5091702258556857
1.720296119790979 0.5018812835262715
1.7203057862116065 0.502535793321721
1.7203154526322342 0.5023553132356628
1.7203251361313432 0.5182221836663428
1.720334802551971 0.5276403503058549
1.7203444860510801 0.5312782051140679
1.7203541524717076 0.5276549297489382
1.7203638188923351 0.5314703000179187
1.7203735023914446 0.5474771527931345
1.720383168812072 0.5324857622728808
1.7203928523111813 0.5384743243455068
1.7204025187318088 0.5500941164962752
1.7204121851524365 0.5364941614565344
1.7204218686515456 0.5796929250627987
1.720431535072173 0.5372160756300967
1.7204412185712825 0.5496142699067333
1.72045088499191 0.5829536152911731
1.7204605514125375 0.5736935933746878
1.7204702349116467 0.5561001343506418
1.7204799013322745 0.5866444954582256
1.7204895848313835 0.5696341267928281
1.7204992512520112 0.5606979909879157
1.7205089176726387 0.5493473071684714
1.7205186011717482 0.5625239270950327
1.7205282675923754 0.5863433446337367
1.7205379510914849 0.5704019479725645
1.7205476175121124 0.5671997098336756
1.72055728393274 0.5779842445297122
1.7205669674318491 0.5826141122131839
1.7205766338524768 0.5909177016666887
1.7205863173515858 0.6204060153406166
1.7205959837722136 0.5901874904462108
1.7206056672713228 0.57480958311929
1.7206153336919505 0.586875527545558
1.7206250001125778 0.582651675944036
1.7206346836116873 0.5801616265342809
1.7206443500323148 0.5872594310145677
1.720654033531424 0.6210091512091267
1.7206636999520515 0.5986665596805332
1.7206733663726792 0.6104611071562281
1.7206830498717884 0.6341003603642204
1.720692716292416 0.5865769594024842
1.7207023997915252 0.601630714795554
1.7207120662121527 0.6044425095064437
1.7207217326327804 0.6274556004286307
1.7207314161318894 0.6249553640476637
1.7207410825525171 0.6560198793692724
1.7207507660516261 0.6332453363004636
1.7207604324722539 0.6544070961220915
1.7207700988928814 0.6158770204010852
1.7207797823919908 0.63965676891978
1.7207894488126183 0.6433673243967725
1.7207991323117275 0.6340945201109672
1.720808798732355 0.6553646317732427
1.7208184651529828 0.6452276946046315
1.7208281486520918 0.6363938880285973
1.7208378150727195 0.6575473017868914
1.7208474985718287 0.6395993297973694
1.7208571649924562 0.6723648480761404
1.7208668484915655 0.6803117939558019
1.7208765149121932 0.6671154518849735
1.7208861813328207 0.6578971423583205
1.72089586483193 0.6821077752174842
1.7209055312525574 0.6627198821748035
1.7209152147516669 0.6830334928090347
1.7209248811722941 0.6835778786223563
1.7209345475929219 0.7027599447168575
1.720944231092031 0.6973422842337248
1.7209538975126588 0.6876065420273788
1.7209635810117678 0.6938570414712734
1.7209732474323955 0.6986859338523235
1.720982913853023 0.7206858580105501
1.720992597352132 0.704399436707859
1.7210022637727598 0.7388223079093071
1.721011947271869 0.6865007246476051
1.7210216136924967 0.719309837690873
1.721031280113124 0.7236473898935
1.7210409636122335 0.72104438631258
1.721050630032861 0.7248514299523059
1.7210603135319702 0.7395814333853867
1.7210699799525977 0.7040362159068377
1.7210796463732254 0.7365173807089546
1.7210893298723344 0.7319830086510325
1.7210989962929621 0.7003368847429791
1.7211086797920714 0.724060740306057
1.721118346212699 0.7426667833230354
1.7211280126333264 0.7643160860729571
1.7211376961324358 0.7449394946713253
1.7211473625530633 0.744491939373268
1.7211570460521726 0.7548401634511729
1.7211667124728 0.7642192975464034
1.7211763788934278 0.7499736415195415
1.721186062392537 0.7758343427809798
1.7211957288131645 0.7452002638618433
1.7212054123122738 0.763985295944019
1.7212150787329015 0.738318923908461
1.7212247622320105 0.7285040994805507
1.7212344286526382 0.7349266565916293
1.7212440950732657 0.7297179006068593
1.7212537785723752 0.7342872715051265
1.7212634449930024 0.7679836956044042
1.7212731284921117 0.7460587014328434
1.7212827949127394 0.7533035255723493
1.7212924613333669 0.7594461765814147
1.7213021448324761 0.7539212769161943
1.7213118112531036 0.7480351401099535
1.7213214947522129 0.7463456398263817
1.7213311611728404 0.7441731560188306
1.721340827593468 0.7602369956690109
1.7213505110925773 0.7426018041342141
1.7213601775132048 0.7346339589017997
1.721369861012314 0.7464212587280913
1.7213795274329418 0.7459951431854819
1.7213891938535693 0.7535758984401296
1.7213988773526785 0.7463318917582517
1.721408543773306 0.7327452300603782
1.7214182272724154 0.7665385485015858
1.7214278936930427 0.7558924368664105
1.7214375601136704 0.7212453064934398
1.7214472436127797 0.7310515462064985
1.7214569100334074 0.7460483943221762
1.7214665935325164 0.7436678386652298
1.7214762599531441 0.7588990339741098
1.7214859263737716 0.7570769084490531
1.7214956098728809 0.7487554559865544
1.7215052762935084 0.7339745477154302
1.7215149597926178 0.7132454338277923
1.7215246262132453 0.7231993048214438
1.7215343097123545 0.7414775393071538
1.721543976132982 0.7213067560725922
1.7215536425536095 0.7479231915411522
1.7215633260527188 0.709141660562455
1.7215729924733463 0.7471142156709885
1.7215826759724557 0.7506197721122627
1.721592342393083 0.7083827874558141
1.7216020088137107 0.7386215934326661
1.72161169231282 0.7239823856070159
1.7216213587334477 0.7480558093702618
1.7216310422325567 0.7308361144810108
1.7216407086531844 0.724050737106356
1.721650375073812 0.7177529728997383
1.7216600585729211 0.7355869231635778
1.7216697249935486 0.7118246118946364
1.721679408492658 0.6921161766332918
1.7216890749132856 0.7031662214168641
1.721698741333913 0.7216090977929024
1.7217084248330223 0.6924381701016105
1.72171809125365 0.7201135783706722
1.721727774752759 0.7287557593401139
1.7217374411733868 0.7076996812535817
1.7217471075940143 0.7123017314156846
1.7217567910931237 0.7381591372395182
1.721766457513751 0.6923233829747321
1.7217761410128605 0.7169947901580925
1.721785807433488 0.7314388096740387
1.7217954738541157 0.7100648262776355
1.7218051573532247 0.7158202828295632
1.7218148237738522 0.7094634067567022
1.7218245072729614 0.7076589439576988
1.721834173693589 0.7089653337139981
1.7218438401142167 0.7035095544212888
1.7218535236133259 0.7244826676930392
1.7218631900339534 0.7285544244990844
1.7218728735330626 0.7209547375191554
1.7218825399536903 0.7317302343315146
1.7218922234527994 0.6732292862107782
1.721901889873427 0.6988162574943322
1.7219115562940546 0.7195881452312503
1.721921239793164 0.7217137840659114
1.7219309062137913 0.7225301929160299
1.7219405897129008 0.7748863309946139
1.7219502561335283 0.6917497327053014
1.721959922554156 0.7095924728844719
1.721969606053265 0.7174208596134709
1.7219792724738927 0.7256647044847777
1.7219889559730017 0.7415953534098477
1.7219986223936294 0.7059939835030161
1.722008288814257 0.7391013575960544
1.7220179723133664 0.7092282073711744
1.722027638733994 0.714473293806498
1.7220373222331031 0.7288933701471161
1.7220469886537306 0.7108975213523949
1.7220566550743583 0.7336551998656728
1.7220663385734674 0.7366004842001469
1.722076004994095 0.6902000715867657
1.7220856884932043 0.7123115722957523
1.7220953549138316 0.7198450125717168
1.7221050213344593 0.7367344871258841
1.7221147048335685 0.7186443243629835
1.7221243712541963 0.7116787525707509
1.7221340547533053 0.7354446617972706
1.722143721173933 0.7490365326539501
1.7221534046730422 0.7337447384159794
1.7221630710936697 0.7346085859819379
1.7221727375142972 0.7398812131812201
1.7221824210134067 0.7446668140245448
1.7221920874340342 0.7501411674056924
1.7222017709331434 0.7606187027239039
1.722211437353771 0.7468321407083263
1.7222211037743986 0.7269541162356699
1.7222307872735076 0.7420582537358303
1.7222404536941354 0.7329460353512123
1.7222501371932446 0.7347625284984798
1.7222598036138723 0.753430158033993
1.7222694700344996 0.770796972170984
1.722279153533609 0.751861765210302
1.7222888199542365 0.7697558532890308
1.7222985034533458 0.7591087544990627
1.7223081698739733 0.7505661946816371
1.722317836294601 0.7391302895063645
1.72232751979371 0.7908151851524423
1.7223371862143377 0.7942770241412712
1.722346869713447 0.7603227755163419
1.7223565361340747 0.7880177499493323
1.7223662025547022 0.7798857768907862
1.7223758860538112 0.7910628689506065
1.722385552474439 0.7999226608411828
1.722395235973548 0.7890090779197324
1.7224049023941757 0.8256747431212293
1.7224145688148031 0.7848885615371766
1.7224242523139126 0.7556870849797143
1.7224339187345399 0.7690188761166729
1.7224436022336493 0.7745563165719042
1.7224532686542768 0.7706248333104386
1.7224629350749046 0.7850024279760642
1.7224726185740136 0.7617035856504031
1.7224822849946413 0.8005712689353615
1.7224919684937503 0.7904037644581449
1.722501634914378 0.7784576663744533
1.7225113184134873 0.8067760551248676
1.722520984834115 0.794275195252941
1.7225306512547425 0.7991623218596803
1.7225403347538517 0.7866200285195993
1.7225500011744792 0.7854906141324413
1.7225596846735884 0.7898706925246688
1.722569351094216 0.7747810678837517
1.7225790175148437 0.7710490386151865
1.722588701013953 0.7712106174908596
1.7225983674345806 0.809321355055277
1.7226080509336896 0.8106231457356454
1.7226177173543173 0.798862435442471
1.7226273837749448 0.8232201649144107
1.722637067274054 0.8230363186017223
1.7226467336946816 0.8257089651848101
1.722656417193791 0.8034077189247751
1.7226660836144183 0.8097594034127964
1.7226757500350458 0.8062003827466273
1.7226854335341553 0.7967755522376236
1.7226950999547828 0.7975005660814157
1.722704783453892 0.7984192512752055
1.7227144498745195 0.7769409280243621
1.7227241162951472 0.7841966812185595
1.7227337997942562 0.813566392358784
1.722743466214884 0.7873067955098608
1.7227531497139932 0.8070956377342625
1.722762816134621 0.8084050168066941
1.7227724825552482 0.8290352560302702
1.7227821660543576 0.8159621244062017
1.7227918324749851 0.8163755700059673
1.7228015159740944 0.8018996058284633
1.7228111823947219 0.8299272031146251
1.7228208658938313 0.8105708846147629
1.7228305323144586 0.8273190031628093
1.7228401987350863 0.8114093353483576
1.7228498822341956 0.8117064556418879
1.7228595486548233 0.8517163808422621
1.7228692321539323 0.7778896622875501
1.72287889857456 0.798126994683367
1.7228885649951875 0.7973977391878053
1.7228982484942967 0.8239730361602332
1.7229079149149242 0.7956901831980846
1.7229175984140337 0.8036926562950448
1.7229272648346612 0.791822794874844
1.7229369312552885 0.7925670260662784
1.722946614754398 0.805988787191103
1.7229562811750254 0.8236619429451204
1.7229659646741347 0.8251976832174726
1.7229756310947622 0.812233691336145
1.7229852975153899 0.814377938286895
1.7229949810144989 0.8413912668862952
1.7230046474351266 0.8447029288102379
1.7230143309342358 0.8089356959953707
1.7230239973548636 0.81151583766255
1.723033663775491 0.7911011211563916
1.7230433472746003 0.8129577957055022
1.7230530136952278 0.8171635754692917
1.723062697194337 0.8077816810984197
1.7230723636149645 0.8259276396284849
1.7230820300355922 0.8217694652364967
1.7230917135347015 0.8341247352223383
1.7231013799553292 0.8174872728151548
1.7231110634544382 0.8029490710606074
1.723120729875066 0.8147286714230547
1.7231303962956934 0.7981361835128632
1.7231400797948027 0.8287565999354134
1.7231497462154302 0.8098302590300094
1.7231594297145396 0.84629348973616
1.7231690961351669 0.7967095078086472
1.7231787796342763 0.8070937793300178
1.7231884460549038 0.7850837712602259
1.7231981124755316 0.780404922325765
1.7232077959746406 0.7856335111881596
1.723217462395268 0.8006265723495433
1.7232271458943775 0.7754914250661722
1.7232368123150048 0.793578695160658
1.7232464787356325 0.7799091220339202
1.7232561622347418 0.8068726597751368
1.7232658286553695 0.797458332002724
1.7232755121544785 0.8025719924830653
1.7232851785751062 0.8045258447085027
1.7232948449957337 0.81031522698532
1.723304528494843 0.8069023866100546
1.7233141949154704 0.7931256584708045
1.72332387841458 0.7865186045239001
1.7233335448352072 0.8225513131053674
1.723343211255835 0.8102107478147967
1.7233528947549441 0.8230590602498066
1.7233625611755718 0.803513170979095
1.7233722446746809 0.7934946446182203
1.7233819110953086 0.8021729258247792
1.723391577515936 0.8002137324042354
1.7234012610150453 0.7706532247014821
1.7234109274356728 0.805554633446329
1.7234206109347823 0.7812895220806416
1.7234302773554098 0.7687816347108954
1.723439960854519 0.7819104186999646
1.7234496272751465 0.7717879613619187
1.7234592936957742 0.7701529796460352
1.7234689771948832 0.790629473197613
1.723478643615511 0.7924830826730598
1.7234883271146202 0.7826363228017383
1.7234979935352477 0.8055453592092617
1.7235076599558752 0.7670205505044754
1.7235173434549844 0.7745723680746763
1.7235270098756121 0.8057624043422897
1.7235366933747212 0.7702700291626897
1.7235463597953489 0.7723888574821473
1.7235560262159764 0.800348250604847
1.7235657097150856 0.7670205505044754
1.723575376135713 0.7731023617525298
1.7235850596348226 0.7791839533024935
1.72359472605545 0.7658293386539815
1.7236043924760778 0.7621632427650702
1.7236140759751868 0.7726983769285071
1.7236237423958145 0.7975262748766023
1.7236334258949235 0.7536886931017576
1.7236430923155512 0.7826507396283616
1.7236527587361787 0.7750201606786564
1.7236624422352882 0.7424496382842879
1.7236721086559155 0.7616123889694811
1.723681792155025 0.7551774270129797
1.7236914585756524 0.7676601561255272
1.7237011249962801 0.7797493115759365
1.7237108084953892 0.7477785443597355
1.7237204749160169 0.7409996451425195
1.7237301584151261 0.760217740298758
1.7237398248357536 0.7719710251371795
1.723749491256381 0.7601407236946495
1.7237591747554906 0.7757003725048127
1.723768841176118 0.7392783705416464
1.723778524675227 0.7499529192683062
1.7237881910958548 0.7695715428095053
1.7237978745949638 0.7500634445583029
1.7238075410155915 0.7482504729176801
1.723817207436219 0.751541556662958
1.7238268909353285 0.7768067666641902
1.7238365573559558 0.7573680845072897
1.7238462408550652 0.7178009024315475
1.7238559072756927 0.7450304104072627
1.7238655736963204 0.7378124851198485
1.7238752571954294 0.752253124036472
1.7238849236160572 0.748133324183085
1.7238946071151664 0.7407471683837555
1.723904273535794 0.7507407674759178
1.7239139399564214 0.745368439763706
1.7239236234555309 0.7595091320106869
1.7239332898761583 0.7568555500978915
1.7239429733752676 0.7544700423918506
1.723952639795895 0.7402850859205702
1.7239623062165228 0.7391268856934302
1.7239719897156318 0.7347540692809503
1.7239816561362595 0.7690029396991968
1.7239913396353688 0.7671141611108764
1.7240010060559965 0.7766762051887379
1.7240106724766238 0.7167224365484787
1.7240203559757332 0.7343802691346069
1.7240300223963607 0.7706514502088978
1.72403970589547 0.7194688573882437
1.7240493723160975 0.7371026965730861
1.724059038736725 0.7289319729664953
1.7240687222358342 0.726147756657059
1.7240783886564617 0.745780459420422
1.7240880721555711 0.7612073972219727
1.7240977385761986 0.7563485871892845
1.7241074220753079 0.71453745697408
1.7241170884959354 0.7525147206624117
1.724126754916563 0.7825570350021529
1.724136438415672 0.7476993446626433
1.7241461048362998 0.7599762143610369
1.724155788335409 0.7615755626358389
1.7241654547560368 0.7738165251317767
1.724175121176664 0.7576052926531369
1.7241848046757735 0.7564739896866953
1.724194471096401 0.7553182878316704
1.7242041545955102 0.7519950814066982
1.7242138210161377 0.726003977431294
1.7242234874367655 0.7559498757683185
1.7242331709358747 0.7487175273379078
1.7242428373565022 0.7933978148129279
1.7242525208556114 0.7591909108321195
1.7242621872762391 0.7306358872453834
1.7242718536968666 0.753853577208137
1.7242815371959759 0.7410474206952363
1.7242912036166034 0.7433049072569221
1.7243008871157126 0.7693996776189718
1.72431055353634 0.7598274865743038
1.7243202199569676 0.7757753930091181
1.724329903456077 0.7513235467531014
1.7243395698767043 0.779788812237523
1.7243492533758138 0.7592416074732814
1.7243589197964413 0.7534596508410814
1.724368586217069 0.8034798688351379
1.724378269716178 0.7939734863431678
1.7243879361368057 0.7528405442650351
1.724397619635915 0.8309999544903367
1.7244072860565425 0.7739109651492108
1.72441695247717 0.7962400163882178
1.7244266359762794 0.7653568966645679
1.724436302396907 0.7681906201698183
1.7244459858960162 0.7887529562624994
1.7244556523166437 0.7640644613972818
1.7244653358157531 0.7672183825823794
1.7244750022363804 0.7594654124089149
1.7244846686570081 0.7568294096847159
1.7244943521561173 0.7959778818609795
1.724504018576745 0.798827486680998
1.724513702075854 0.7932900370411432
1.7245233684964818 0.7822399641210419
1.7245330349171093 0.7502223532005128
1.7245427184162185 0.8114747298498046
1.724552384836846 0.7749737637709079
1.7245620683359555 0.8119102047366
1.7245717347565828 0.7701884473181063
1.7245814011772105 0.7737007182025853
1.7245910846763197 0.776914093898788
1.7246007510969472 0.8013661615769391
1.7246104345960565 0.814377938286895
1.724620101016684 0.7796451830590851
1.7246297674373117 0.7823498434564748
1.7246394509364207 0.7752468316528752
1.7246491173570484 0.8071588260247267
1.7246588008561576 0.8157648719186391
1.7246684672767854 0.8054062584653447
1.7246781336974126 0.8118204740633471
1.724687817196522 0.7872179713171678
1.7246974836171496 0.7833845462287845
1.7247071671162588 0.8021119747836084
1.7247168335368863 0.7937614444469988
1.7247265170359958 0.7943556703233576
1.7247361834566233 0.8111440745728253
1.7247458498772508 0.8022892997648666
1.72475553337636 0.7919303733045419
1.7247651997969877 0.799847146915951
1.7247748832960967 0.8165278459176113
1.7247845497167245 0.7916277322933356
1.724794216137352 0.8449811096591615
1.7248038996364612 0.7845145452297108
1.7248135660570887 0.8560576251362505
1.7248232495561981 0.8304567128692961
1.7248329159768256 0.7893597906265594
1.7248425823974534 0.8060982902372913
1.7248522658965624 0.790895309658523
1.72486193231719 0.8503368500606144
1.724871615816299 0.818037099164013
1.7248812822369266 0.8250171946097411
1.7248909486575543 0.8312736226225433
1.7249006321566636 0.8139561332983686
1.724910298577291 0.8179429245837376
1.7249199820764003 0.8308048057009495
1.724929648497028 0.8493290916226561
1.7249393149176555 0.8001271367601351
1.7249489984167647 0.8474361768705849
1.7249586648373922 0.8108098201036401
1.7249683483365017 0.8160128541831666
1.724978014757129 0.8248196523447434
1.7249876811777567 0.8191227725805387
1.724997364676866 0.8321928880946283
1.7250070310974936 0.8205347909291772
1.7250167145966027 0.816636900440631
1.7250263810172304 0.8245898790453767
1.7250360474378579 0.8549013443129633
1.7250457309369671 0.8176171641799043
1.7250553973575946 0.7980020371045082
1.725065080856704 0.8582543237293626
1.7250747472773313 0.7960218704397419
1.7250844307764408 0.8000810790653564
1.7250940971970683 0.8377260104370228
1.725103763617696 0.8509244448717993
1.725113447116805 0.8077351827853295
1.7251231135374328 0.8142148144447569
1.725132797036542 0.8665188207318743
1.7251424634571695 0.8066831769455725
1.725152129877797 0.818941727002165
1.7251618133769062 0.842459437969032
1.725171479797534 0.8311147693077291
1.725181163296643 0.8291860747606846
1.7251908297172707 0.8178431113655074
1.7252004961378982 0.8508088524931551
1.7252101796370074 0.8261749065618114
1.725219846057635 0.8359012987496264
1.7252295295567444 0.8295412753161296
1.7252391959773719 0.8223354260805442
1.7252488623979993 0.8227028466130342
1.7252585458971086 0.817523037943651
1.7252682123177363 0.8312602241827588
1.7252778958168453 0.8410949007203548
1.725287562237473 0.8297303957189499
1.7252972286581005 0.8465020223406754
1.72530691215721 0.8237833311986534
1.7253165785778373 0.852253905335873
1.7253262620769467 0.837807029642378
1.7253359284975742 0.8320760084118902
1.725345594918202 0.8278506612194081
1.725355278417311 0.8185307512614641
1.7253649448379387 0.8421529998569525
1.7253746283370477 0.809737029242734
1.7253842947576754 0.8723022646859486
1.7253939782567846 0.8332704867345391
1.7254036446774124 0.8306460419753184
1.7254133110980396 0.819160495446843
1.725422994597149 0.8212908795385522
1.7254326610177766 0.8353433122457967
1.7254423445168856 0.8262034421249617
1.7254520109375133 0.8383898270890746
1.7254616773581408 0.8245424132024821
1.7254713608572503 0.8269419045952342
1.7254810272778776 0.8395508390538083
1.725490710776987 0.8388629241813537
1.7255003771976145 0.8191190003894514
1.7255100436182422 0.8267781678547373
1.7255197271173512 0.8429697689614184
1.725529393537979 0.8283998279061446
1.725539077037088 0.825566382610155
1.7255487434577157 0.8381524136486262
1.7255584098783432 0.8414900788124304
1.7255680933774526 0.831813567971622
1.7255777597980801 0.8436008331850725
1.7255874432971894 0.8258306551209166
1.7255971097178169 0.8318288906849235
1.7256067761384446 0.829325463294313
1.7256164596375536 0.8269152475674663
1.7256261260581813 0.8467749463397577
1.7256358095572906 0.8307856759335844
1.725645475977918 0.8528663901030791
1.7256551423985456 0.8209184188699047
1.725664825897655 0.8534714542426561
1.7256744923182825 0.8208012326950072
1.7256841758173918 0.8355876259965875
1.7256938422380192 0.8186381883039645
1.7257035086586467 0.813199307252944
1.725713192157756 0.8312142883144131
1.7257228585783835 0.8380346969634745
1.725732542077493 0.8801972350773376
1.7257422084981204 0.8356703625917392
1.725751874918748 0.8585705745592306
1.7257615584178572 0.8533771303041903
1.7257712248384849 0.8353606234666924
1.725780908337594 0.8496518355916673
1.7257905747582216 0.8104794357604447
1.7258002582573309 0.7990740000566526
1.7258099246779586 0.8278335056278437
1.7258195910985858 0.8398679334297355
1.7258292745976953 0.789288908653847
1.7258389410183228 0.8616918790711628
1.725848624517432 0.8164394848312166
1.7258582909380595 0.8446873689505744
1.7258679573586873 0.8515144064014456
1.7258776408577963 0.8189266416770068
1.725887307278424 0.8181275169620348
1.7258969907775332 0.8102051510965576
1.725906657198161 0.835341388798951
1.7259163236187882 0.8215178419494706
1.7259260071178977 0.8575945254688905
1.7259356735385252 0.8152785196352293
1.7259453570376344 0.8136656836271681
1.725955023458262 0.8138399409903386
1.7259646898788896 0.812476858563351
1.7259743733779989 0.7977981042638805
1.7259840397986261 0.8320012906600845
1.7259937232977356 0.8381852228840694
1.726003389718363 0.8241817620759331
1.7260130732174723 0.8526150610702856
1.7260227396380998 0.82476077870546
1.7260324060587275 0.8395643711235932
1.7260420895578366 0.8804506126686041
1.7260517559784643 0.8240679050227234
1.7260614394775735 0.8180276812180755
1.7260711058982012 0.8165861318680426
1.7260807723188287 0.8392570536067067
1.726090455817938 0.8762055505474688
1.7261001222385655 0.8663013675895851
1.7261098057376747 0.8276943678543787
1.7261194721583022 0.8337637324464677
1.72612913857893 0.829873697455289
1.7261388220780391 0.8218205560658883
1.7261484884986666 0.831109028190124
1.7261581719977759 0.8426340411690488
1.7261678384184036 0.8392512562443886
1.726177504839031 0.8116559935845263
1.7261871883381403 0.8467515494065772
1.7261968547587678 0.8204629987253076
1.7262065382578773 0.8007630037725582
1.7262162046785046 0.8594903401587414
1.7262258710991323 0.8144435720391148
1.7262355545982415 0.851290917715859
1.7262452210188692 0.8362593759227145
1.7262549045179783 0.8149800918090359
1.7262645709386057 0.838669791091046
1.7262742373592335 0.8403205803307352
1.7262839208583425 0.8288405686230127
1.7262935872789702 0.8681104817172873
1.7263032707780794 0.8658566564005682
1.7263129371987072 0.8437348737593648
1.7263226036193344 0.8094518127587731
1.7263322871184439 0.8271647147866604
1.7263419535390714 0.8506070932619261
1.7263516370381806 0.8266867940042784
1.7263613034588081 0.8377665190602948
1.7263709698794358 0.8220306295162876
1.7263806533785448 0.8458980036302868
1.7263903197991726 0.8620431396867262
1.7264000032982818 0.8540671147759875
1.7264096697189095 0.8433852473766775
1.7264193532180185 0.8735866729346875
1.7264290196386463 0.8224660877731816
1.7264386860592738 0.8493838516580444
1.726448369558383 0.8519380195622793
1.7264580359790105 0.8536660302933302
1.72646771947812 0.8478343343332467
1.7264773858987474 0.8728628302296364
1.726487052319375 0.8543188718369383
1.7264967358184842 0.8821348909448397
1.726506402239112 0.8468256419128284
1.726516085738221 0.8534812802524577
1.7265257521588486 0.8471415827071963
1.7265354185794761 0.8481721340605946
1.7265451020785856 0.8761954629163429
1.7265547684992129 0.836554038254825
1.726564451998322 0.8338923697689322
1.7265741184189498 0.8544565828677649
1.7265837848395773 0.868728361061994
1.7265934683386865 0.8456448337462803
1.726603134759314 0.8375967817321587
1.7266128182584233 0.8296157721466242
1.7266224846790508 0.8493662498330742
1.7266321681781602 0.8413622067633203
1.7266418345987877 0.8688623929057525
1.7266515010194152 0.8595516928873878
1.7266611845185245 0.8919879757433669
1.7266708509391522 0.8564696936953051
1.7266805344382612 0.8759775984286083
1.726690200858889 0.8741621535902665
1.7266998672795164 0.8367659511451797
1.7267095507786259 0.8568286900840197
1.7267192171992531 0.8865576874956215
1.7267289006983626 0.8622098897377352
1.72673856711899 0.8704483372060812
1.7267482335396178 0.8783770901989583
1.7267579170387268 0.888081861567877
1.7267675834593545 0.8904201921934237
1.7267772669584636 0.8661916642424401
1.7267869333790913 0.8789537027036908
1.7267965997997188 0.8557738272328055
1.7268062832988282 0.8556280232427631
1.7268159497194557 0.8839892832086539
1.726825633218565 0.8689524259018342
1.7268352996391925 0.8720472161051915
1.72684496605982 0.8678846355975187
1.7268546495589292 0.8802620927957913
1.7268643159795567 0.870366165548907
1.7268739994786662 0.8604011852888414
1.7268836658992934 0.8582088722498431
1.7268933323199211 0.8419843125355707
1.7269030158190304 0.8826712882931678
1.726912682239658 0.843313397684328
1.7269223657387671 0.8688904021715176
1.7269320321593948 0.89754452070693
1.7269416985800223 0.8669758496452695
1.7269513820791316 0.8476430392686856
1.726961048499759 0.8814628229824598
1.7269707319988685 0.8834134355148181
1.726980398419496 0.8887917198848188
1.7269900648401235 0.8681784469183229
1.7269997483392328 0.8813167007880618
1.7270094147598605 0.9002974084324477
1.7270190982589695 0.8889779725868041
1.7270287646795972 0.8884684287631376
1.7270384481787064 0.8640343333731134
1.7270481145993342 0.8611424533775436
1.7270577810199614 0.9015877453130114
1.727067464519071 0.8779019223404266
1.7270771309396984 0.9025702199572659
1.7270868144388076 0.8687803709641495
1.7270964808594351 0.8652089434809351
1.7271061472800626 0.867556963441043
1.7271158307791719 0.8690264600208704
1.7271254971997994 0.897364738195857
1.7271351806989088 0.8461941137697617
1.7271448471195363 0.8554566368089846
1.7271545135401638 0.9072124467249907
1.727164197039273 0.897838036203251
1.7271738634599008 0.8905083580932821
1.7271835469590098 0.9047404341607356
1.7271932133796375 0.8921379214548772
1.727202879800265 0.940117203398636
1.7272125632993744 0.8645537522185764
1.7272222297200017 0.902990123039056
1.7272319132191112 0.8692125736330018
1.7272415796397387 0.8931861908096133
1.7272512460603664 0.8695809158646135
1.7272609295594754 0.9087281885887661
1.7272705959801031 0.9190772159129176
1.7272802794792121 0.8557442703623734
1.7272899458998399 0.8825310620561407
1.7272996123204674 0.878453950005227
1.7273092958195768 0.9075968919887951
1.7273189622402043 0.8842518966196315
1.7273286457393136 0.8649639354603937
1.727338312159941 0.9012535740753017
1.7273479956590503 0.9373526251283544
1.7273576620796778 0.8899057235425075
1.7273673285003055 0.9128028765062146
1.7273770119994147 0.8691525326293282
1.727386678420042 0.8821592655693845
1.7273963619191515 0.9029838854258099
1.727406028339779 0.8917661844746102
1.7274156947604067 0.9036099407207315
1.7274253782595157 0.9021110447115448
1.7274350446801434 0.9147154192549796
1.7274447281792527 0.9025432031800825
1.7274543945998801 0.8792634087055775
1.7274640610205076 0.9433568340573542
1.727473744519617 0.9088935051186662
1.7274834109402446 0.892881860361002
1.7274930944393538 0.8988660965329635
1.7275027608599813 0.9076386893326863
1.727512427280609 0.901764221095048
1.727522110779718 0.8843414880283402
1.7275317772003458 0.8928510218466447
1.727541460699455 0.8909944524062455
1.7275511271200827 0.8957483152397429
1.72756079354071 0.8919222540617585
1.7275704770398195 0.8825269978597631
1.727580143460447 0.9280192822065286
1.7275898269595562 0.9181211669315349
1.7275994933801837 0.9008967081037093
1.7276091598008114 0.8790488295385669
1.7276188432999204 0.8884581999512215
1.7276285097205482 0.9013345110180918
1.7276381932196574 0.890807777224936
1.727647859640285 0.8921091627897125
1.7276575260609126 0.9289492747443111
1.7276672095600216 0.9027510453604216
1.7276768759806493 0.9037077360350456
1.7276865594797584 0.8934926823269819
1.727696225900386 0.8758162522528022
1.7277058923210136 0.9079647746839218
1.727715575820123 0.9133179643242508
1.7277252422407503 0.9147175254674914
1.7277349257398598 0.9246513328075663
1.7277445921604873 0.8807446220531384
1.7277542756595965 0.8946764379776075
1.727763942080224 0.9008012911558292
1.7277736085008517 0.9373785254963554
1.7277832919999607 0.8934391930119192
1.7277929584205884 0.8712062853647645
1.7278026419196977 0.8928037381932918
1.7278123083403254 0.9252284958135203
1.727821974760953 0.9222825676922272
1.7278316582600621 0.932968541195628
1.7278413246806896 0.897716070927876
1.7278510081797989 0.8774007473676861
1.7278606746004264 0.9387890167935669
1.727870341021054 0.8867046786449323
1.7278800245201633 0.9137049968952872
1.727889690940791 0.8618565766753854
1.7278993744399 0.8964147623988865
1.7279090408605278 0.9110936085255604
1.7279187072811553 0.9387198468108574
1.7279283907802645 0.8987398527429843
1.727938057200892 0.9055866258157628
1.7279477407000012 0.8849607312781621
1.7279574071206287 0.919041240307591
1.727967090619738 0.8826590938229018
1.7279767570403657 0.8843027997156165
1.7279864234609932 0.884970919823752
1.7279961069601024 0.8938507317183993
1.72800577338073 0.8912776168876531
1.7280154568798394 0.8985784520883109
1.7280251233004666 0.8990130583584438
1.7280347897210944 0.9329642447266101
1.7280444732202036 0.9157311760803032
1.7280541396408313 0.8922509109006784
1.7280638231399403 0.9153517159103344
1.728073489560568 0.8951503792495954
1.7280831559811956 0.885519236526678
1.7280928394803048 0.906018363083018
1.7281025059009323 0.9107328462327173
1.7281121894000417 0.8799439304035118
1.728121855820669 0.879561072165503
1.7281315222412967 0.9187365622467705
1.728141205740406 0.9154128405323713
1.7281508721610337 0.8695769113057291
1.7281605556601427 0.9061664942819486
1.7281702220807704 0.916269013946661
1.728179888501398 0.918486970800643
1.7281895720005072 0.8848547773572943
1.7281992384211347 0.9008925593306008
1.7282089219202441 0.9109677449864282
1.7282185883408716 0.9211343969343028
1.7282282547614989 0.8773462012364645
1.7282379382606083 0.9103806116662408
1.7282476046812358 0.8944869317367315
1.728257288180345 0.8870763482788179
1.7282669546009726 0.9023437197061821
1.7282766210216003 0.8890393831306546
1.7282863045207095 0.873795894780398
1.728295970941337 0.9064857889172914
1.7283056544404463 0.8971002960577537
1.728315320861074 0.898193690564332
1.7283249872817015 0.8905042571601831
1.7283346707808107 0.8796724687508297
1.7283443372014382 0.900981762163
1.7283540207005474 0.8951132791398899
1.728363687121175 0.9160074376569294
1.7283733706202844 0.9127776551791047
1.728383037040912 0.9186857923909021
1.7283927034615396 0.9169359493637437
1.7284023869606486 0.9047112692451064
1.7284120533812763 0.9270389892223826
1.7284217368803854 0.9075028550024354
1.728431403301013 0.8979310717046802
1.7284410697216406 0.9042530868752856
1.72845075322075 0.8968565824956579
1.7284604196413773 0.9118491550321937
1.7284701031404868 0.9397471125878205
1.7284797695611143 0.9000507538709686
1.7284894359817418 0.8795367693307032
1.728499119480851 0.8983777763248658
1.7285087859014785 0.8845553223872017
1.728518469400588 0.9079501401387762
1.7285281358212152 0.9002828974696488
1.728537802241843 0.8836311147322597
1.7285474857409522 0.9121095438772652
1.72855715216158 0.9079919537507204
1.728566835660689 0.9179562856736697
1.7285765020813166 0.919593726848384
1.7285861855804256 0.9028612211213315
1.7285958520010534 0.9106028390405929
1.7286055184216809 0.9209308043652354
1.7286152019207903 0.9114251323761812
1.7286248683414176 0.9340303752779472
1.728634551840527 0.9000756235359395
1.7286442182611546 0.9156025636265503
1.7286538846817823 0.937300826539258
1.7286635681808913 0.9245874623623451
1.728673234601519 0.8950432053501248
1.7286829181006282 0.9003741131213547
1.7286925845212557 0.9220978300306277
1.7287022509418832 0.9433090477612812
1.7287119344409927 0.913784947966224
1.7287216008616202 0.9122103595207096
1.7287312843607294 0.951412821949503
1.728740950781357 0.9147512255272818
1.7287506172019846 0.9289278851430461
1.7287603007010937 0.8968545174094377
1.7287699671217212 0.9190666347063432
1.7287796506208306 0.9276240503700226
1.728789317041458 0.9099761293853449
1.7287989834620856 0.9015316955277686
1.7288086669611948 0.9410809885226091
1.7288183333818226 0.9094901501887267
1.7288280168809316 0.9194412836031125
1.7288376833015593 0.953570923516223
1.7288473497221868 0.9003015544647786
1.728857033221296 0.8997585867753953
1.7288666996419235 0.9157649134850501
1.728876383141033 0.9463286750372515
1.7288860495616605 0.919828793038611
1.7288957159822882 0.9215735465815815
1.7289053994813972 0.9492224475126397
1.728915065902025 0.8982185089160386
1.728924749401134 0.9340282245960027
1.7289344158217617 0.943424173401559
1.7289440822423892 0.9002310745117682
1.7289537657414986 0.9431396431249971
1.728963432162126 0.9341594252573088
1.7289731156612353 0.929880199252083
1.7289827820818628 0.9296061752152518
1.728992465580972 0.8902889846926819
1.7290021320015996 0.9050133800047843
1.7290117984222273 0.9512091078267527
1.7290214819213365 0.9564736277546869
1.729031148341964 0.9677919380376918
1.7290408318410733 0.9303470823875812
1.7290504982617008 0.9191830346790498
1.7290601646823285 0.9534633413539197
1.7290698481814375 0.9497121628567413
1.7290795146020652 0.9311336032846385
1.7290891981011742 0.9509463153451058
1.729098864521802 0.9410181499680439
1.7291085309424294 0.902690766201122
1.729118214441539 0.9326635410582123
1.7291278808621662 0.8883313724667695
1.7291375643612756 0.9402839000648625
1.7291472307819031 0.934467066267047
1.7291568972025309 0.9348135525669272
1.7291665807016399 0.9412023438136119
1.7291762471222676 0.9578047797954954
1.7291859306213768 0.9308141999402273
1.7291955970420043 0.9203605606918704
1.7292052805411136 0.9426858755292581
1.7292149469617413 0.9437370385464728
1.7292246133823688 0.9034081412959982
1.729234296881478 0.9255182779425397
1.7292439633021055 0.9420414234244097
1.729253646801215 0.9176075959603011
1.7292633132218422 0.9410636533298264
1.72927297964247 0.925262583118902
1.7292826631415792 0.9712521652510544
1.729292329562207 0.9153706851838304
1.729302013061316 0.9085587180507485
1.7293116794819436 0.9452223890135782
1.7293213459025711 0.9236150479011355
1.7293310294016802 0.9009298989763915
1.7293406958223079 0.9517371021300892
1.729350379321417 0.9274660047702399
1.7293600457420446 0.9318800192914991
1.729369712162672 0.9377044996288174
1.7293793956617816 0.9689246394075695
1.729389062082409 0.9556084910183135
1.7293987455815183 0.9280791157495403
1.7294084120021458 0.9239702754691318
1.7294180784227735 0.9188444575065594
1.7294277619218825 0.9200660378442723
1.7294374283425102 0.8934412502340553
1.7294471118416195 1.0
1.7294567782622472 0.9304649110312401
1.7294664446828745 0.9286990472357721
1.729476128181984 0.9573880447767303
1.7294857946026114 0.9742445836619603
1.7294954781017207 0.9409574822415587
1.7295051445223482 0.943039752088253
1.7295148109429759 0.9974956260238074
1.7295244944420851 0.9589567048327823
1.7295341608627126 0.9558835768377152
1.7295438443618218 0.9360132574143761
1.7295535107824496 0.9028466688350877
1.729563177203077 0.9272973101314891
1.7295728607021863 0.9143216427512896
1.7295825271228138 0.9531450570713365
1.729592210621923 0.9459103990615632
1.7296018770425505 0.9109132095193926
1.72961156054166 0.9376764311716822
1.7296212269622875 0.9242766891717686
1.7296308933829148 0.9384777920034144
1.7296405768820242 0.9843056998597028
1.7296502433026517 0.932721526364153
1.729659926801761 0.9262409976508357
1.7296695932223884 0.8993484696707021
1.7296792596430162 0.9263369763153453
1.7296889431421254 0.910254846624461
1.729698609562753 0.9193100332808044
1.7297082930618621 0.9370893453396136
1.7297179594824899 0.9156742470281655
1.7297276259031173 0.9450265283602153
1.7297373094022266 0.9468844837819465
1.729746975822854 0.9532043157485643
1.7297566593219635 0.9290990157443381
1.7297663257425908 0.9869723816036995
1.7297759921632185 0.9580165241902524
1.7297856756623278 0.9249196368619054
1.7297953420829555 0.9548298774586462
1.7298050255820645 0.9371735005084967
1.7298146920026922 0.9564339860616903
1.7298243584233197 0.9208311452454966
1.729834041922429 0.9252370175221336
1.7298437083430565 0.9367161327420216
1.729853391842166 0.9068991607522754
1.7298630582627932 0.947846476527096
1.7298727246834207 0.9009568674608375
1.7298824081825301 0.9370138279041381
1.7298920746031576 0.9412153470943531
1.7299017581022669 0.95893462429286
1.7299114245228944 0.9725658142009909
1.7299211080220038 0.9369793076748761
1.729930774442631 0.915638404625866
1.7299404408632588 0.9105588085541533
1.729950124362368 0.9585262259977865
1.7299597907829958 0.9285515087642577
1.7299694742821048 0.9387738854243428
1.7299791407027325 0.9534304104654708
1.72998880712336 0.9378297383667878
1.7299984906224692 0.9380327470167764
1.7300081570430967 0.9407365114550638
1.7300178405422062 0.9215693025883321
1.7300275069628337 0.9301971402391902
1.7300371733834612 0.8930257875121497
1.7300468568825704 0.9443000224257007
1.7300565233031981 0.9326120015903181
1.7300662068023072 0.9049800386938726
1.7300758732229349 0.9478944926809395
1.7300855396435624 0.9498411924120995
1.7300952231426718 0.9318800192914991
1.730104889563299 0.9400046457446579
1.7301145730624086 0.9325368449715793
1.730124239483036 0.8937498872063415
1.7301339059036638 0.9138817402017684
1.7301435894027728 0.9349986848430593
1.7301532558234005 0.9289685258065533
1.7301629393225095 0.9149681993868818
1.730172605743137 0.9668831682763742
1.7301822721637647 0.9931823659271352
1.730191955662874 0.9284510249650894
1.7302016220835015 0.9377152954129748
1.7302113055826107 0.94096831547728
1.7302209720032384 0.9285899948013291
1.730230638423866 0.9521097225173419
1.7302403219229752 0.9608907219573232
1.7302499883436027 0.9111502527914794
1.7302596718427121 0.9153137785426401
1.7302693382633394 0.9163027711664523
1.7302790046839671 0.9142353293868252
1.7302886881830764 0.9193587207303276
1.730298354603704 0.9203118201868495
1.730308038102813 0.9339271481305054
1.7303177045234408 0.9017040078287069
1.7303273880225498 0.9435067249617098
1.7303370544431775 0.8990730919307216
1.730346720863805 0.9550299689318611
1.7303564043629145 0.8988660965329635
1.730366070783542 0.9151999758733329
1.7303757542826512 0.9022419170126302
1.7303854207032787 0.9351386347280002
1.7303950871239064 0.9112383730939657
1.7304047706230155 0.918032381036055
1.7304144370436432 0.948184823962653
1.7304241205427524 0.8897643480014922
1.73043378696338 0.9144795541399221
1.7304434533840074 0.8994188805237325
1.7304531368831166 0.919530205758139
1.7304628033037444 0.88979098225573
1.7304724868028534 0.9362632998261485
1.730482153223481 0.9115552569675087
1.7304918196441086 0.8906580550768641
1.7305015031432178 0.9283569648804145
1.7305111695638453 0.9176836624175281
1.7305208530629548 0.9263071152206729
1.7305305194835823 0.9287439549017258
1.7305402029826915 0.9180492919732143
1.730549869403319 0.9120108393559097
1.7305595358239467 0.9535445757419095
1.7305692193230557 0.9151831174220326
1.7305788857436835 0.9151156867221906
1.7305885692427927 0.9408448239832977
1.7305982356634204 0.9219386031259517
1.7306079020840477 0.904542547830416
1.7306175855831571 0.92636257230552
1.7306272520037846 0.9328826155745018
1.7306369355028939 0.8880675474948444
1.7306466019235214 0.9064649165509475
1.730656268344149 0.9008801131259113
1.730665951843258 0.9258571824269124
1.7306756182638858 0.9486936638114956
1.730685301762995 0.9057242588310769
1.7306949681836228 0.9024039756906913
1.73070463460425 0.9111691349960359
1.7307143181033595 0.9190137305007496
1.730723984523987 0.9484271985979865
1.730733668023096 0.9071142721461535
1.7307433344437237 0.8781930585227473
1.7307530008643512 0.912517075601756
1.7307626843634607 0.9138691145461549
1.730772350784088 0.9240681465806424
1.7307820342831974 0.905398978135946
1.730791700703825 0.9127356211825416
1.7308013671244526 0.9000341744760819
1.7308110506235617 0.9390830460860254
1.7308207170441894 0.9271286461762127
1.7308304005432984 0.8905206610058886
1.7308400669639261 0.9154929410431475
1.7308497333845536 0.884105312073845
1.730859416883663 0.912084341707381
1.7308690833042906 0.9191407057106499
1.7308787668033998 0.9071790243989611
1.7308884332240273 0.901295079291881
1.730898099644655 0.9586454161704192
1.730907783143764 0.9167522826556679
1.7309174495643918 0.8871029020703279
1.730927133063501 0.8799034084210354
1.7309367994841285 0.9130446162348853
1.7309464829832377 0.9008676670931716
1.7309561494038654 0.9243809781155327
1.730965815824493 0.8845532856256472
1.7309754993236022 0.9031481569476693
1.7309851657442297 0.9244341912936276
1.7309948492433391 0.900732846092654
1.7310045156639664 0.9241107024713053
1.731014182084594 0.939016016601028
1.7310238655837034 0.8993981708770963
1.7310335320043309 0.9151536158794957
1.73104321550344 0.8909267524904254
1.7310528819240676 0.8683943716782019
1.7310625483446953 0.918425640910512
1.7310722318438043 0.9292359429240461
1.731081898264432 0.8914746539494127
1.7310915817635413 0.8978793841248749
1.731101248184169 0.8670437260148771
1.7311109146047963 0.8945487228391424
1.7311205981039057 0.9102925743126281
1.7311302645245332 0.881844478496534
1.7311399480236425 0.8907113778879673
1.73114961444427 0.921505645034863
1.7311592979433794 0.8770189956531074
1.7311689643640067 0.8539137366977382
1.7311786307846344 0.8618426853005948
1.7311883142837436 0.8676988063201425
1.7311979807043714 0.8894140793245697
1.7312076642034804 0.8977718834891364
1.731217330624108 0.9061018143011027
1.7312269970447356 0.8907564996831225
1.7312366805438448 0.8620371849242453
1.7312463469644723 0.8799641920945513
1.7312560304635818 0.8969928887000924
1.7312656968842093 0.8790063247868691
1.7312753633048366 0.8566097238401063
1.731285046803946 0.9118806497301569
1.7312947132245735 0.8778251108334905
1.7313043967236827 0.8521342081268553
1.7313140631443102 0.8777139481867843
1.731323729564938 0.8705064633063416
1.731333413064047 0.8930566320628054
1.7313430794846747 0.8663572219033182
1.731352762983784 0.9037555971734963
1.7313624294044117 0.9277693052065197
1.7313720958250391 0.893698440307938
1.7313817793241484 0.894126568698074
1.7313914457447759 0.8672034560827873
1.7314011292438851 0.8413350848874274
1.7314107956645126 0.9195662005038757
1.7314204620851403 0.8792897286241308
1.7314301455842496 0.8854764189106282
1.731439812004877 0.8833564815818031
1.7314494955039863 0.8874706516600758
1.731459161924614 0.8699454079310479
1.7314688283452415 0.8812030669394079
1.7314785118443508 0.8719749324360139
1.7314881782649783 0.8810326436374813
1.7314978617640877 0.8689504250672369
1.731507528184715 0.8892932583872369
1.7315171946053427 0.8834500506965367
1.731526878104452 0.8812801740244672
1.7315365445250797 0.8971746625316152
1.7315462280241887 0.8927893480132133
1.7315558944448162 0.8805053518064553
1.7315655779439254 0.8864168438428651
1.731575244364553 0.9396432536381385
1.7315849107851806 0.8865291087130448
1.7315945942842899 0.901255649290736
1.7316042607049176 0.838013471124076
1.7316139442040266 0.8651491790286829
1.7316236106246543 0.8782982147587878
1.7316332770452818 0.8977925556886903
1.731642960544391 0.8700014971923143
1.7316526269650185 0.8842457884450208
1.731662310464128 0.8673751987252142
1.7316719768847553 0.8630361750556284
1.731681643305383 0.8632150428694405
1.7316913268044922 0.8549111867850775
1.73170099322512 0.8146555114063642
1.731710676724229 0.8405740917262783
1.7317203431448567 0.832886839839045
1.7317300095654842 0.863354187909186
1.7317396930645934 0.8463090791819325
1.731749359485221 0.8447223790378859
1.7317590429843304 0.8648504186853081
1.7317687094049579 0.8711461066451203
1.731778392904067 0.8683963712324393
1.7317880593246946 0.8342611120355728
1.7317977257453223 0.8991911006357597
1.7318074092444313 0.8655397147499017
1.731817075665059 0.8291058892352674
1.7318267591641683 0.8450025119801818
1.7318364255847956 0.8712905425563318
1.7318460920054233 0.8634376856988863
1.7318557755045325 0.8843801780336843
1.7318654419251602 0.8267496124416065
1.7318751254242692 0.8474244691880085
1.731884791844897 0.8532238761371523
1.7318944582655245 0.8405779627219401
1.7319041417646337 0.8422732344336048
1.7319138081852612 0.805031733250291
1.7319234916843707 0.8723645319641742
1.7319331581049981 0.8104551755512737
1.7319428245256256 0.8204781123514726
1.7319525080247349 0.8284990218214162
1.7319621744453626 0.8452360270625122
1.7319718579444716 0.8341881188553959
1.7319815243650993 0.8358531817878144
1.7319911907857268 0.8109928026914743
1.7320008742848363 0.8163718104661879
1.7320105407054636 0.8013163423535831
1.732020224204573 0.7923243444764623
1.7320298906252005 0.8041276580972848
1.7320395570458282 0.8120354703853153
1.7320492405449373 0.8254599370097336
1.732058906965565 0.7955765983560021
1.732068590464674 0.7996003950254128
1.7320782568853017 0.8056065711471212
1.7320879233059292 0.8143460609442874
1.7320976068050387 0.8247379900378051
1.7321072732256662 0.8185986045951265
1.7321169567247752 0.8234590369086676
1.7321266231454029 0.8133753375991607
1.7321362895660304 0.802219103939406
1.7321459730651396 0.8039369687578024
1.7321556394857671 0.8118316898551518
1.7321653229848766 0.7860153003963349
1.7321749894055039 0.790274557013368
1.7321846729046133 0.7773865099250924
1.7321943393252408 0.7838807509473363
1.7322040057458685 0.766051557677739
1.7322136892449775 0.790736889500541
1.7322233556656053 0.8157573584811048
1.7322330391647145 0.7891617005646254
1.732242705585342 0.7466172160706787
1.7322523720059695 0.7772719584560518
1.732262055505079 0.7560403944108908
1.7322717219257064 0.7673438204139762
1.7322814054248157 0.7548123546241069
1.7322910718454432 0.7600409637855641
1.732300738266071 0.7717079956694005
1.73231042176518 0.7525649714863061
1.7323200881858076 0.7362528687636927
1.7323297716849169 0.7509707124022121
1.7323394381055446 0.7230144881396363
1.7323491045261719 0.7555217998454683
1.7323587880252813 0.7345003380362655
1.7323684544459088 0.7384311352164272
1.732378137945018 0.7262731687606828
1.7323878043656455 0.7102741351605752
1.732397470786273 0.7250033277865746
1.7324071542853823 0.7060573851874009
1.7324168207060098 0.7536921639744489
1.7324265042051192 0.727962486928092
1.7324361706257467 0.7160791028358819
1.7324458370463744 0.6915952471337831
1.7324555205454835 0.7157807262318611
1.7324651869661112 0.701755782616708
1.7324748704652202 0.6825665478981682
1.732484536885848 0.6764348898686647
1.7324942203849572 0.7050420177220554
1.7325038868055849 0.7096660020610751
1.7325135532262121 0.6726977885957974
1.7325232367253216 0.6467419027084228
1.732532903145949 0.679992307935087
1.7325425866450583 0.6661622216130392
1.7325522530656858 0.635969078064585
1.7325619194863136 0.6277735303291568
1.7325716029854226 0.6549889902943018
1.7325812694060503 0.636108208708419
1.7325909529051595 0.6095270727453329
1.7326006193257872 0.6265056616348147
1.7326102857464147 0.6333299118216171
1.732619969245524 0.5884045196919808
1.7326296356661515 0.5805157405117102
1.7326393191652607 0.5723622733860663
1.7326489855858882 0.5541840217047542
1.7326586520065157 0.5689328362243706
1.7326683355056252 0.5609885535870266
1.7326780019262524 0.5254664591949948
1.732687685425362 0.5043093266089541
1.7326973518459894 0.5129794882858583
1.732707018266617 0.49131610472959036
1.7327167017657261 0.48610042412637766
1.7327263681863538 0.46284758281228844
1.732736051685463 0.46964640251979617
1.7327457181060906 0.42755894817000906
1.732755384526718 0.40726491672720105
1.7327650680258275 0.4016853567315209
1.732774734446455 0.4072461619165274
1.7327844179455643 0.3655409195431592
1.7327940843661918 0.3643812320918064
1.7328037507868195 0.3354632885064592
1.7328134342859285 0.30685838852383673
1.7328231007065562 0.30405489532152435
1.7328327842056654 0.278725048691359
1.7328424506262932 0.2860441037190157
1.7328521170469204 0.25814516783949637
1.73286180054603 0.24863828411002156
1.7328714669666574 0.23585115098404782
1.7328811504657666 0.21927039552764946
1.7328908168863941 0.20349746335057917
1.7329005003855036 0.18237571183080525
1.7329101668061309 0.1771393309387841
1.7329198332267586 0.1610679013361786
1.7329295167258678 0.15194450547275976
1.7329391831464953 0.1425587898241481
1.7329488666456045 0.12862014652546136
1.732958533066232 0.12341075237423187
1.7329681994868598 0.11435021881808186
1.7329778829859688 0.10504829308279885
1.7329875494065965 0.09305570420014102
1.7329972329057057 0.0892674234922129
1.7330068993263334 0.08207558747959207
1.7330165657469607 0.07448262943591126
1.7330262492460702 0.07209879394762812
1.7330359156666977 0.06414975469547043
1.733045599165807 0.05706830846231663
1.7330552655864344 0.05168279592572756
1.7330649320070621 0.04865875581501177
1.7330746155061714 0.04346433106187178
1.7330842819267989 0.04087925759404402
1.733093965425908 0.038216859878372915
1.7331036318465358 0.03524284825895842
1.7331133153456448 0.032302564326642774
1.7331229817662726 0.028056532780381005
1.7331326481869 0.026151042107994585
1.7331423316860093 0.024056641708021676
1.7331519981066368 0.021224770354088065
1.7331616816057462 0.02097838251628728
1.7331713480263737 0.01698224100821703
1.7331810144470015 0.01644443664599137
1.7331906979461105 0.014614837807220811
1.7332003643667382 0.01314153209348805
1.7332100478658472 0.012108797043172219
1.733219714286475 0.010881305410249478
1.7332293807071024 0.01029236075135187
1.7332390642062117 0.009716995464079161
1.7332487306268392 0.0080462403262816
1.7332584141259484 0.00757130950631912
1.733268080546576 0.0069602846336833946
1.7332777469672036 0.006520216252771477
1.7332874304663128 0.005512352731736884
1.7332970968869403 0.004987845584828736
1.7333067803860498 0.00476661417318934
1.733316446806677 0.004307923673552639
1.7333261132273048 0.003913172564516087
1.733335796726414 0.003426841360437824
1.7333454631470417 0.003119514437932413
1.7333551466461508 0.002776418950336158
1.7333648130667785 0.0026433093976846117
1.733374479487406 0.0022866884596858044
1.7333841629865152 0.0020899216261423595
1.7333938294071427 0.001915393459059856
1.7334035129062522 0.0017693184245558037
1.7334131793268794 0.001561313086993357
1.7334228457475072 0.0014184760257394365
1.7334325292466164 0.0013211100610859908
1.7334421956672441 0.0012016666270004128
1.7334518791663531 0.0010404159464399456
1.7334615455869808 0.0009564361883348648
1.7334712120076083 0.0008593162014332395
1.7334808955067176 0.0007926838316658662
1.733490561927345 0.000730420578009382
1.7335002454264545 0.000655998732127798
1.733509911847082 0.0005667127714230629
1.733519595346191 0.0005139371359871271
1.7335292617668188 0.00046445966008303263
1.7335389281874463 0.0004428799302063651
1.7335486116865555 0.00037874769633497766
1.733558278107183 0.00036656922386754946
1.7335679616062925 0.0003388527386404233
1.73357762802692 0.0002937284408501069
1.7335872944475474 0.00026840648211830486
1.7335969779466567 0.00023337750899742345
1.7336066443672844 0.00021048589578920405
1.7336163278663934 0.00019596928134971183
1.7336259942870211 0.00015998895436263331
1.7336356607076486 0.00013837352355788749
1.7336453442067579 0.00010921266377825011
1.7336550106273854 0.00010122668157756247
1.7336646941264948 9.044259193234435e-05
1.7336743605471223 9.152210493741644e-05
1.73368402696775 6.768477662782166e-05
1.733693710466859 6.487942615859649e-05
1.7337033768874868 5.182424693248468e-05
1.7337130603865958 4.898171646212955e-05
1.7337227268072235 4.426434070430308e-05
1.7337324103063327 3.853319320242224e-05
1.7337420767269605 3.214829908183014e-05
1.7337517431475877 3.5849161325110865e-05
1.7337614266466972 2.8935900341698138e-05
1.7337710930673247 2.5888149027778928e-05
1.733780776566434 2.1625641540901194e-05
1.7337904429870614 1.80846454989224e-05
1.733800109407689 1.9546769873866886e-05
1.7338097929067984 1.7617407503367006e-05
1.7338194593274256 1.6643627986259233e-05
1.733829142826535 1.7082719115090978e-05
1.7338388092471626 1.4018805167897947e-05
1.7338484756677903 1.4746535477736565e-05
1.7338581591668993 1.3877843958335422e-05
1.733867825587527 1.2388850151575102e-05
1.733877509086636 1.318851810896095e-05
1.7338871755072638 1.254113953748397e-05
1.7338968419278913 1.2623651601660869e-05
1.7339065254270007 1.3811536643873255e-05
1.733916191847628 1.301514467366458e-05
1.7339258753467375 1.2140959209613733e-05
1.733935541767365 1.1191749990390941e-05
1.7339452081879927 1.0036516432648554e-05
1.7339548916871017 1.0082332135281962e-05
1.7339645581077294 1.3091728795223012e-05
1.7339742416068387 1.192424800294921e-05
1.7339839080274662 1.0176653788587437e-05
1.7339935744480937 1.3350329971192432e-05
1.7340032579472031 1.1142996651195078e-05
1.7340129243678306 9.825258830917697e-06
1.7340226078669398 1.0594805784965218e-05
1.7340322742875673 1.0875168634142925e-05
1.734041940708195 1.1411139116203196e-05
1.734051624207304 1.1404598486809666e-05
1.7340612906279316 1.117884668611351e-05
1.734070974127041 1.0974986633886462e-05
1.7340806405476685 1.0968367670380243e-05
1.734090306968296 1.1170818613499007e-05
1.7340999904674053 1.0135892597387876e-05
1.734109656888033 1.3594993366023144e-05
1.734119340387142 1.1466925739502347e-05
1.7341290068077697 1.0464753430716442e-05
1.734138690306879 1.2371176413474822e-05
1.7341483567275064 9.649193153189044e-06
1.734158023148134 1.0461886401283431e-05
1.7341677066472434 1.0009122395344338e-05
1.734177373067871 1.0048494519952846e-05
1.7341870565669801 1.315815506122865e-05
1.7341967229876076 1.3603823856055538e-05
1.7342063894082353 9.978402083114554e-06
1.7342160729073444 1.0699783740557327e-05
1.734225739327972 1.1391449783116003e-05
1.7342354228270813 1.1492698141426076e-05
1.734245089247709 1.0215414659222262e-05
1.7342547556683363 1.0854679379742135e-05
1.7342644391674458 1.172443707172156e-05
1.7342741055880733 1.2076442002782762e-05
1.7342837890871825 1.1825349901928457e-05
1.73429345550781 1.253296999695004e-05
1.7343031219284377 1.0504635803955188e-05
1.734312805427547 1.1649277746420338e-05
1.7343224718481745 1.1716125093162041e-05
1.7343321553472837 1.2184255571766443e-05
1.7343418217679112 1.1223311065534014e-05
1.7343515052670204 1.1373627487385387e-05
1.734361171687648 1.1023334851338053e-05
1.7343708381082756 1.0966094901893994e-05
1.7343805216073847 1.072936451294435e-05
1.7343901880280124 1.1991016483917778e-05
1.7343998715271216 1.1352591214327509e-05
1.7344095379477493 1.1876869921656021e-05
1.7344192043683766 1.2084480910430884e-05
1.734428887867486 1.2620861474976723e-05
1.7344385542881136 1.2028154557675222e-05
1.7344482377872228 1.0461838222627016e-05
1.7344579042078503 1.1297959146728e-05
1.734467570628478 1.1560297216860425e-05
1.7344772541275872 1.0694808190933364e-05
1.7344869205482147 1.0875143593170591e-05
1.734496604047324 1.271302789725473e-05
1.7345062704679517 1.1479976525281256e-05
1.7345159368885792 1.3084676807438119e-05
1.7345256203876884 1.5359072838946056e-05
1.734535286808316 1.0874116962946948e-05
1.7345449703074254 1.2456183572369944e-05
1.7345546367280527 1.250282061052286e-05
1.7345643031486804 1.1512721528325056e-05
1.7345739866477896 1.094044532291465e-05
1.7345836530684173 1.2939097934453613e-05
1.7345933365675263 1.1532726691085367e-05
1.734603002988154 1.158643954661162e-05
1.7346126694087816 1.1639062492218916e-05
1.7346223529078906 1.3365493529699868e-05
1.7346320193285183 1.1075720815567768e-05
1.7346417028276275 1.1992452307336709e-05
1.734651369248255 1.4025682385981714e-05
1.7346610356688825 1.4484983338886735e-05
1.734670719167992 1.4423245640775669e-05
1.7346803855886195 1.301496486403804e-05
1.7346900690877287 1.1227756877991579e-05
1.7346997355083562 1.1947003749669106e-05
1.734709401928984 1.3004959378554313e-05
1.734719085428093 1.3389365592529694e-05
1.7347287518487207 1.1952589380524757e-05
1.73473843534783 1.6648495765913992e-05
1.7347481017684576 1.1684092862808733e-05
1.7347577852675666 1.1974406576385651e-05
1.7347674516881944 1.4063972223689082e-05
1.7347771181088218 1.4914613381247861e-05
1.734786801607931 1.3808833718126943e-05
1.7347964680285586 1.4642087572961186e-05
1.7348061344491863 1.4285912967764264e-05
1.7348158179482955 1.6550304937032994e-05
1.734825484368923 1.310186137372046e-05
1.7348351678680323 1.3740040093542065e-05
1.73484483428866 1.4617631182476445e-05
1.7348545007092875 1.3885707094595517e-05
1.7348641842083967 1.3732354304356756e-05
1.7348738506290242 1.516404274630988e-05
1.7348835341281337 1.4901054392532196e-05
1.734893200548761 1.3729793330127658e-05
1.7349028840478702 1.4704287990835537e-05
1.734912550468498 1.4852412414581313e-05
1.7349222168891252 1.6204177806538437e-05
1.7349319003882346 1.511777926815889e-05
1.7349415668088621 1.7180745316614803e-05
1.7349512503079714 1.542794208863581e-05
1.7349609167285989 1.512920125203445e-05
1.7349706002277083 1.478502284804756e-05
1.7349802666483358 1.4896045836386821e-05
1.7349899330689633 1.6073113075127888e-05
1.7349996165680726 1.5913803822845906e-05
1.7350092829887003 1.5316375320994533e-05
1.7350189664878093 1.796871415435583e-05
1.735028632908437 1.6651179402655783e-05
1.7350382993290645 1.5464789038809828e-05
1.735047982828174 1.860484259267404e-05
1.7350576492488012 1.625878169984844e-05
1.7350673327479107 1.8145377175011702e-05
1.7350769991685382 1.7480224257901148e-05
1.735086665589166 1.5390296969091774e-05
1.735096349088275 1.4380732237584436e-05
1.7351060155089026 1.644773120614902e-05
1.7351156990080117 1.7640423208155895e-05
1.7351253654286394 1.731039587664596e-05
1.7351350318492669 1.8954921928728365e-05
1.7351447153483763 2.0439863914226857e-05
1.7351543817690038 1.589992222647539e-05
1.735164065268113 1.7902018434301756e-05
1.7351737316887406 1.7899421704641644e-05
1.735183398109368 1.8130175162520093e-05
1.7351930816084773 1.640212056931852e-05
1.7352027480291048 1.686782163432315e-05
1.7352124315282142 1.5231932272816676e-05
1.7352220979488415 1.8343026775261208e-05
1.7352317643694692 2.066854953307176e-05
1.7352414478685785 1.8750247296518002e-05
1.7352511142892062 1.8860621516528465e-05
1.7352607977883152 2.0872621607124873e-05
1.735270464208943 1.842251844417229e-05
1.7352801306295704 1.8985279710844935e-05
1.7352898141286797 1.954929049002551e-05
1.7352994805493072 1.8979903499888738e-05
1.7353091640484166 1.919976884232242e-05
1.7353188304690441 1.9266241508299627e-05
1.7353284968896716 1.874502396536553e-05
1.7353381803887808 2.003812124174612e-05
1.7353478468094086 1.739105786042674e-05
1.7353575303085176 2.218829850889897e-05
1.7353671967291453 2.2643888097318596e-05
1.7353768631497728 1.9202598433306883e-05
1.7353865466488823 2.3463024818939125e-05
1.7353962130695095 2.0126395375960192e-05
1.735405896568619 2.030916182025054e-05
1.7354155629892465 2.1328730169635783e-05
1.7354252294098742 2.307474976497411e-05
1.7354349129089832 1.83787935780753e-05
1.7354445793296107 2.2766433443548813e-05
1.73545426282872 2.1571184828017363e-05
1.7354639292493474 2.1587184333897147e-05
1.7354735956699752 2.106371645649474e-05
1.7354832791690844 2.399915772666955e-05
1.735492945589712 2.3683779005182423e-05
1.7355026290888211 2.1157677839658888e-05
1.7355122955094489 2.1117815925019177e-05
1.7355219619300764 2.186220689643039e-05
1.7355316454291856 2.1383214870001964e-05
1.7355413289282948 1.9691418395702194e-05
1.7355509953489225 2.1444602474841625e-05
1.7355606617695498 2.430966645100558e-05
1.7355703452686593 2.5205539643722585e-05
1.7355800116892868 1.99289767272892e-05
1.735589695188396 2.3514459469352643e-05
1.7355993616090235 2.265943099404194e-05
1.7356090280296512 2.4341200854041047e-05
1.7356187115287602 2.2708162845973177e-05
1.735628377949388 2.4085463040690735e-05
1.7356380614484972 2.0364792999332914e-05
1.735647727869125 2.1957859405513523e-05
1.7356573942897524 2.8085295650399903e-05
1.7356670777888616 2.4925793916194907e-05
1.7356767442094891 2.3456650662803703e-05
1.7356864277085984 2.1169227003437017e-05
1.7356960941292259 2.2485885765609066e-05
1.7357057605498536 2.6239768550548222e-05
1.7357154440489628 2.5939404403726327e-05
1.73572511046959 2.398611988517078e-05
1.7357347939686996 2.360260835112594e-05
1.735744460389327 2.172501074905172e-05
1.7357541268099548 2.290656665775936e-05
1.7357638103090638 2.6850971276844904e-05
1.7357734767296915 2.5290650502193757e-05
1.7357831602288005 2.360260835112594e-05
1.7357928266494282 2.630025746416619e-05
1.7358024930700557 2.6059135254400337e-05
1.7358121765691652 2.582022366634109e-05
1.7358218429897927 2.162519339162629e-05
1.735831526488902 2.5939404403726327e-05
1.7358411929095294 2.4771938891370348e-05
1.7358508593301571 2.582022366634109e-05
1.7358605428292662 2.1976574517316117e-05
1.7358702092498939 2.6239768550548222e-05
1.7358798927490031 2.333243152748131e-05
1.7358895591696308 2.4319800051219642e-05
1.735899225590258 2.2959371747452843e-05
1.7359089090893676 2.7287264462402208e-05
1.735918575509995 2.4432055147868513e-05
1.7359282590091043 2.5642478496861335e-05
1.7359379254297318 2.5290650502193757e-05
1.7359475918503595 2.4544828390501293e-05
1.7359572753494685 2.6059135254400337e-05
1.7359669417700963 2.398611988517078e-05
1.7359766252692055 2.5407386840916216e-05
1.7359862916898332 2.398611988517078e-05
1.7359959581104605 2.42638660632535e-05
1.7360056416095697 2.6421653936888614e-05
1.7360153080301974 2.5290650502193757e-05
1.7360249915293064 2.6789215756605636e-05
1.7360346579499342 2.4658122170770987e-05
1.7360443243705617 2.716189087057892e-05
1.7360540078696711 2.344012913809712e-05
1.7360636742902984 2.0987465730184613e-05
1.7360733577894079 2.172501074905172e-05
1.7360830242100354 2.505878442469202e-05
1.736092690630663 2.6789215756605636e-05
1.736102374129772 2.4714965012928617e-05
1.7361120405503998 2.6239768550548222e-05
1.7361217240495088 2.448837685171679e-05
1.7361313904701365 2.338621833708842e-05
1.736141056890764 2.3171812198624246e-05
1.7361507403898735 2.6604800092496103e-05
1.736160406810501 2.243675264137209e-05
1.7361700903096102 2.6059135254400337e-05
1.7361797567302377 2.4319800051219642e-05
1.736189440229347 2.398611988517078e-05
1.7361991066499745 2.2853883016402117e-05
