1.7512094952035118 1.3357002276757837e-05
1.7512195031937727 1.3184510183632799e-05
1.751229511184034 1.3416369170701905e-05
1.7512395191742949 1.1795082964991017e-05
1.7512495186253152 1.3613506404471648e-05
1.7512595266155762 1.2635225582950997e-05
1.7512695346058373 1.490558412571796e-05
1.7512795425960983 1.2450133262076309e-05
1.7512895505863593 1.3802920925656308e-05
1.7512995585766205 1.2794549533852801e-05
1.7513095665668814 1.3334876565787908e-05
1.7513195745571426 1.2585805038865432e-05
1.7513295740081627 1.3215633921287226e-05
1.7513395819984237 1.4763828782527444e-05
1.7513495899886846 1.4566056828750357e-05
1.751359597978946 1.1917632799020506e-05
1.751369605969207 1.2619786278301151e-05
1.751379613959468 1.3934359149024498e-05
1.751389621949729 1.709523203942507e-05
1.75139962993999 1.2990623618474322e-05
1.7514096293910104 1.4730279925645468e-05
1.7514196373812714 1.3708628268641664e-05
1.7514296453715323 1.1541174300361145e-05
1.7514396533617933 1.1291379391830356e-05
1.7514496613520545 1.544582108755101e-05
1.7514596693423155 1.4531920055112707e-05
1.7514696773325766 1.451757238117127e-05
1.7514796853228376 1.3286390113538886e-05
1.751489684773858 1.2977229944539488e-05
1.7514996927641189 1.3377932489648573e-05
1.7515097007543798 1.3710301330731447e-05
1.751519708744641 1.321694248129862e-05
1.751529716734902 1.4116173903822197e-05
1.7515397247251632 1.5251796430344404e-05
1.7515497327154241 1.3199576580003948e-05
1.751559740705685 1.340148732664958e-05
1.7515697401567054 1.4125050201182691e-05
1.7515797481469666 1.2762801067934613e-05
1.7515897561372276 1.320881933159745e-05
1.7515997641274885 1.385651448195756e-05
1.7516097721177495 1.56782649717126e-05
1.7516197801080104 1.494706764553739e-05
1.7516297880982719 1.323225921628037e-05
1.7516397960885328 1.5192071650477468e-05
1.751649795539553 1.2460744753463286e-05
1.7516598035298139 1.4106133835289358e-05
1.751669811520075 1.4978074968720787e-05
1.7516798195103362 1.4040707755532598e-05
1.7516898275005972 1.4861888543601339e-05
1.7516998354908582 1.3086303852004347e-05
1.7517098434811191 1.2893267702503336e-05
1.7517198514713803 1.278597938853884e-05
1.7517298509224006 1.3928392607929043e-05
1.7517398589126616 1.243895795899468e-05
1.7517498669029226 1.2696236392656965e-05
1.7517598748931837 1.3159457929909748e-05
1.7517698828834447 1.3536082729080106e-05
1.7517798908737057 1.3252414164656161e-05
1.7517898988639669 1.442699894384022e-05
1.7517999068542278 1.289068511858692e-05
1.7518099063052481 1.3162579279515674e-05
1.751819914295509 1.328021175564529e-05
1.75182992228577 1.2745885125290034e-05
1.751839930276031 1.266417782279666e-05
1.7518499382662924 1.3442127177689494e-05
1.7518599462565534 1.2066407833972886e-05
1.7518699542468144 1.2883148120387678e-05
1.7518799622370753 1.5783488566601324e-05
1.7518899616880954 1.3374144155301195e-05
1.7518999696783568 1.4297397772807101e-05
1.7519099776686178 1.3247166656304649e-05
1.7519199856588787 1.3272447006823406e-05
1.7519299936491397 1.3294071186956498e-05
1.751940001639401 1.339494701333227e-05
1.7519500096296619 1.5827962038822513e-05
1.751960017619923 1.2208631911058404e-05
1.7519700170709431 1.4391630495887357e-05
1.751980025061204 1.3097487722037224e-05
1.7519900330514653 1.2220444415804794e-05
1.7520000410417262 1.4185217527409826e-05
1.7520100490319874 1.3909195135810573e-05
1.7520200570222484 1.5062532604573254e-05
1.7520300650125096 1.2997475276458776e-05
1.7520400730027705 1.4245214726467418e-05
1.7520500724537906 1.3419242465179024e-05
1.7520600804440518 1.5323289263500013e-05
1.7520700884343128 1.3505230472291908e-05
1.752080096424574 1.7269867279988752e-05
1.752090104414835 1.3593616076114684e-05
1.7521001124050959 1.6622907951392433e-05
1.7521101203953569 1.573685705703281e-05
1.7521201283856183 1.3456093618658071e-05
1.7521301278366384 1.309284420106014e-05
1.7521401358268993 1.5193715848217273e-05
1.7521501438171603 1.3962429716641307e-05
1.7521601518074212 1.3671935473263421e-05
1.7521701597976826 1.2393015703443183e-05
1.7521801677879436 1.3972624886376372e-05
1.7521901757782046 1.4331280620590528e-05
1.7522001837684655 1.641353025394759e-05
1.7522101832194859 1.3362231758039788e-05
1.752220191209747 1.2901256206846466e-05
1.752230199200008 1.2657152128692757e-05
1.752240207190269 1.4122220885270708e-05
1.75225021518053 1.566354286817337e-05
1.752260223170791 1.3046529481812782e-05
1.752270231161052 1.3738047068578206e-05
1.7522802391513133 1.4172647971547359e-05
1.7522902386023333 1.3831331808162279e-05
1.7523002465925945 1.5055181653131389e-05
1.7523102545828555 1.4196098367627538e-05
1.7523202625731165 1.2715896958144383e-05
1.7523302705633774 1.4336330355985284e-05
1.7523402785536388 1.3565006306334991e-05
1.7523502865438998 1.3878515027808892e-05
1.7523602945341608 1.2892347412122593e-05
1.7523702939851808 1.54487732909896e-05
1.7523803019754418 1.306682275048529e-05
1.7523903099657032 1.5280480113154202e-05
1.7524003179559642 1.3793262456857708e-05
1.7524103259462251 1.295788138069498e-05
1.752420333936486 1.375399936641478e-05
1.7524303419267473 1.3876629724626237e-05
1.7524403499170083 1.2836688423882918e-05
1.7524503493680286 1.4349078119777067e-05
1.7524603573582895 1.3514998442946972e-05
1.7524703653485505 1.618299872826772e-05
1.7524803733388117 1.4411892035115856e-05
1.7524903813290726 1.3738363402444036e-05
1.7525003893193338 1.478178904329581e-05
1.7525103973095948 1.4223844637745788e-05
1.752520405299856 1.5081064590984672e-05
1.752530404750876 1.6114023772160288e-05
1.752540412741137 1.2509501398340656e-05
1.7525504207313982 1.4433278775417766e-05
1.7525604287216592 1.5643034387577115e-05
1.7525704367119204 1.371093272797912e-05
1.7525804447021813 1.4002964893374677e-05
1.7525904526924423 1.4540120308623865e-05
1.7526004606827033 1.3761919084151607e-05
1.7526104601337238 1.2849907458229547e-05
1.7526204681239848 1.2804009862655695e-05
1.7526304761142457 1.3929900041027774e-05
1.7526404841045067 1.36295651521678e-05
1.7526504920947676 1.4976557560734834e-05
1.752660500085029 1.380018790986748e-05
1.75267050807529 1.4177054209622126e-05
1.752680516065551 1.3183478036510957e-05
1.752690515516571 1.3650136679158229e-05
1.7527005235068323 1.3927687056997567e-05
1.7527105314970934 1.4397331352770825e-05
1.7527205394873544 1.3400314771480776e-05
1.7527305474776154 1.6875824488677293e-05
1.7527405554678763 1.4559920377595677e-05
1.7527505634581375 1.4420157371661427e-05
1.7527605714483985 1.4812214753476883e-05
1.7527705708994188 1.3071998820454807e-05
1.7527805788896798 1.3004180831193674e-05
1.752790586879941 1.4032207559456122e-05
1.752800594870202 1.4730822619209766e-05
1.7528106028604629 1.3080339010850454e-05
1.7528206108507238 1.408159988172001e-05
1.752830618840985 1.3556887745615587e-05
1.7528406268312462 1.301523457940947e-05
1.7528506262822663 1.5252955386826047e-05
1.7528606342725273 1.5353662859417156e-05
1.7528706422627882 1.342978314396245e-05
1.7528806502530496 1.4235279544495667e-05
1.7528906582433106 1.5211988905591935e-05
1.7529006662335715 1.5982694564524202e-05
1.7529106742238325 1.4551809477346918e-05
1.7529206822140935 1.4042356678491725e-05
1.752930681665114 1.2895405404611947e-05
1.752940689655375 1.3179653725223235e-05
1.752950697645636 1.3881838897803537e-05
1.752960705635897 1.4199040567680121e-05
1.752970713626158 1.592978814398052e-05
1.752980721616419 1.5922050608593136e-05
1.7529907296066802 1.402493961312513e-05
1.7530007375969412 1.3903815622664689e-05
1.7530107370479613 1.5095656328073658e-05
1.7530207450382225 1.351064242433942e-05
1.7530307530284834 1.348257981714748e-05
1.7530407610187446 1.4862333420178901e-05
1.7530507690090056 1.2948486251598858e-05
1.7530607769992668 1.3286757235136614e-05
1.7530707849895277 1.3191129988484511e-05
1.7530807929797887 1.6617511959316117e-05
1.753090792430809 1.5433698074328407e-05
1.75310080042107 1.4091946963497495e-05
1.7531108084113312 1.6975516614426452e-05
1.7531208164015921 1.6352192836905303e-05
1.753130824391853 1.3424527225576735e-05
1.753140832382114 1.4517204678424671e-05
1.7531508403723755 1.3920280929679243e-05
1.7531608483626364 1.3562507769961211e-05
1.7531708478136565 1.3958797275102492e-05
1.7531808558039175 1.469244250862629e-05
1.7531908637941784 1.4325342032583223e-05
1.7532008717844398 1.4776684475809311e-05
1.7532108797747008 1.4088832308681671e-05
1.7532208877649618 1.589637136341597e-05
1.7532308957552227 1.5087038548619913e-05
1.753240903745484 1.3575067570928839e-05
1.7532509031965042 1.4718582957823121e-05
1.7532609111867652 1.5715456469182875e-05
1.7532709191770262 1.47517654984852e-05
1.7532809271672873 1.353346487174354e-05
1.7532909351575483 1.657642984716708e-05
1.7533009431478093 1.584338588101856e-05
1.7533109511380702 1.3820666902787187e-05
1.7533209591283314 1.6054286167322344e-05
1.7533309585793517 1.3865770254952575e-05
1.7533409665696127 1.4227808134988654e-05
1.7533509745598737 1.3026807634158707e-05
1.7533609825501346 1.4415144493626765e-05
1.753370990540396 1.3779041241212503e-05
1.753380998530657 1.3856642105760053e-05
1.753391006520918 1.3392788176946567e-05
1.753401014511179 1.7125884076611407e-05
1.753411013962199 1.4516402450213237e-05
1.7534210219524604 1.3659128791616258e-05
1.7534310299427214 1.3621282496208074e-05
1.7534410379329823 1.4037054949314726e-05
1.7534510459232433 1.5335643353043143e-05
1.7534610539135045 1.491677709466695e-05
1.7534710619037654 1.662937779668712e-05
1.7534810613547858 1.6213881700522054e-05
1.7534910693450467 1.6650604301225347e-05
1.7535010773353077 1.3521192629326826e-05
1.7535110853255689 1.8278224197355146e-05
1.7535210933158298 1.8715696762336168e-05
1.753531101306091 1.575948423099143e-05
1.753541109296352 1.5302063505192025e-05
1.7535511172866132 1.8058264090034274e-05
1.7535611252768741 1.4395143547699649e-05
1.7535711247278942 1.6878117267705756e-05
1.7535811327181554 1.4534898387718957e-05
1.7535911407084164 1.477879414994522e-05
1.7536011486986776 1.5795340775541524e-05
1.7536111566889385 1.6480447496654463e-05
1.7536211646791995 1.6116955247739226e-05
1.7536311726694604 1.749109505675335e-05
1.753641172120481 1.8060592758788973e-05
1.753651180110742 1.8080856525300494e-05
1.753661188101003 1.6124936015131814e-05
1.7536711960912639 1.4413484984316418e-05
1.7536812040815248 1.74765619185635e-05
1.7536912120717862 1.719245910592043e-05
1.7537012200620472 2.072903095114878e-05
1.7537112280523082 1.8227411572532606e-05
1.7537212360425691 1.76311646034862e-05
1.7537312354935894 1.9828323690608846e-05
1.7537412434838504 1.989225418274151e-05
1.7537512514741116 1.6869686037895014e-05
1.7537612594643726 2.031772135740934e-05
1.7537712674546335 1.9412702543695612e-05
1.7537812754448947 2.3270461698030457e-05
1.7537912834351557 2.7644707553148668e-05
1.753801282886176 2.3476535109936515e-05
1.753811290876437 2.657938941162812e-05
1.7538212988666981 2.9925195753938936e-05
1.753831306856959 2.937324988865151e-05
1.75384131484722 3.404857966096319e-05
1.753851322837481 3.289826541039293e-05
1.7538613308277422 3.489434093294533e-05
1.7538713388180034 4.041596939446138e-05
1.7538813468082644 3.9314793600752215e-05
1.7538913462592844 5.365386349442906e-05
1.7539013542495454 5.530889730315328e-05
1.7539113622398068 5.352023355921569e-05
1.7539213702300678 5.806173376046837e-05
1.7539313782203287 5.525072739088384e-05
1.7539413862105897 7.000821426116602e-05
1.7539513942008507 7.493159894694097e-05
1.7539613936518712 8.304012610005404e-05
1.7539714016421322 9.61556925124438e-05
1.7539814096323931 9.891929215881281e-05
1.753991417622654 0.00011135660965256711
1.7540014256129153 0.000136078339141089
1.7540114336031762 0.00016558004641603266
1.7540214415934374 0.00016444815297497566
1.7540314495836984 0.00018519403748174095
1.7540414490347185 0.00021345876872710416
1.7540514570249797 0.00024391471420084568
1.7540614650152406 0.00029592659699477356
1.7540714730055018 0.0003292622942806566
1.7540814809957628 0.00034308758269398074
1.754091488986024 0.00038043809646442063
1.754101496976285 0.0004133291167468183
1.7541115049665459 0.00045727241150773565
1.754121504417566 0.0004919806251375301
1.7541315124078272 0.0005605934252977652
1.7541415203980883 0.0006012761809835508
1.7541515283883493 0.000672849602225991
1.7541615363786103 0.0007564165109613427
1.7541715443688712 0.000845411205722093
1.7541815523591326 0.0009649393118055834
1.7541915603493936 0.0010760315367793127
1.7542015598004137 0.001185119106830602
1.7542115677906747 0.001330411529886234
1.7542215757809356 0.0014592140412766964
1.7542315837711968 0.0016556403418014972
1.754241591761458 0.001870475396360223
1.754251599751719 0.0021000324230863155
1.75426160774198 0.002342399679738704
1.754271615732241 0.0027593767456297715
1.7542816151832612 0.0030289771701270283
1.7542916231735224 0.0035328727912395962
1.7543016311637833 0.004020869703548346
1.7543116391540445 0.004569787443367998
1.7543216471443055 0.00521194711105081
1.7543316551345665 0.006103458556680971
1.7543416631248274 0.006858639874078779
1.7543516711150886 0.007557706112186675
1.754361670566109 0.008958205069338055
1.7543716785563699 0.010752662139342962
1.7543816865466308 0.01181620453832533
1.7543916945368918 0.013888840804320082
1.7544017025271532 0.016246394698268506
1.7544117105174142 0.019612818078876455
1.7544217185076751 0.02289971092243567
1.754431726497936 0.025885824355183915
1.7544417259489562 0.030629577059058312
1.7544517339392176 0.03622955502339413
1.7544617419294786 0.042846563978044955
1.7544717499197395 0.051057200680110534
1.7544817579100005 0.059851081162497155
1.7544917659002617 0.06951027392917583
1.7545017738905226 0.08592034258596389
1.7545117818807838 0.10312097248737201
1.754521781331804 0.11635579022476167
1.7545317893220649 0.13695188050883284
1.754541797312326 0.15907868782087856
1.754551805302587 0.19140443653289774
1.7545618132928482 0.22066273666119696
1.7545718212831092 0.2484334096944803
1.7545818292733704 0.29939255739028436
1.7545918372636313 0.3483902560950424
1.7546018367146514 0.3878019602435058
1.7546118447049124 0.4420628303790926
1.7546218526951736 0.459406356558939
1.7546318606854348 0.4863971258500779
1.7546418686756957 0.5235461858412309
1.7546518766659567 0.5585717920635184
1.7546618846562176 0.5652713833204316
1.7546718926464788 0.5718998728626817
1.7546818920974991 0.5898858791049987
1.75469190008776 0.5742843746622628
1.754701916617262 0.5835727442735484
1.754711924607523 0.5721896528400484
1.7547219155193026 0.5840028950160031
1.7547319235095635 0.5606063335870217
1.7547419314998245 0.5675811975410701
1.7547519394900855 0.5525403519693038
1.7547619474803466 0.5656984646073759
1.7547719554706076 0.5478567287477975
1.7547819634608688 0.5539314202294373
1.7547919714511298 0.5502461341188052
1.7548019794413907 0.5284890580365047
1.754811987431652 0.5667884609311278
1.7548219954219129 0.5732155984648883
1.7548320034121738 0.5703717405949409
1.754842011402435 0.5654601447218263
1.7548520193926962 0.5477116769785817
1.7548620273829572 0.5743161116665472
1.7548720353732181 0.5977478187491995
1.7548820262849976 0.597071030492093
1.7548920342752585 0.5900122110370609
1.7549020422655197 0.6043158707661591
1.7549120502557807 0.6074842183345728
1.7549220582460416 0.6060451778398631
1.7549320662363026 0.6125478219887757
1.754942074226564 0.6310212723694566
1.754952082216825 0.6385839516203412
1.754962090207086 0.6638256050775383
1.754972098197347 0.6469787254014839
1.7549821061876079 0.6635535851666251
1.754992114177869 0.663834776230547
1.7550021221681302 0.7003336595798646
1.7550121301583912 0.7215808517177633
1.7550221381486522 0.7109269861996341
1.7550321461389133 0.7026693333428455
1.7550421370506928 0.7630201376167538
1.7550521450409537 0.7506940955252313
1.7550621530312147 0.7666956513995055
1.7550721610214757 0.7623370021954667
1.7550821690117369 0.7862687226368775
1.7550921770019978 0.7914746327217452
1.7551021849922588 0.810772481791294
1.75511219298252 0.7974730218633646
1.7551222009727812 0.8455357993016056
1.7551322089630421 0.8265840104932654
1.755142216953303 0.8639627138888051
1.755152224943564 0.8499786164901452
1.7551622329338252 0.8472722840326554
1.7551722409240864 0.8772573185105497
1.7551822489143474 0.8900491709584167
1.7551922569046083 0.8826265760591596
1.7552022478163876 0.8974556581829457
1.755212255806649 0.8806939237764295
1.75522226379691 0.9079396870366604
1.755232271787171 0.9226691500939337
1.7552422797774319 0.9334240791360595
1.755252287767693 0.9507799176594797
1.755262295757954 0.9238553965214178
1.7552723037482152 0.9147428003959389
1.7552823117384762 0.9374627066350214
1.7552923197287371 0.9105944521171239
1.7553023277189983 0.9486237640543099
1.7553123357092593 0.9308270597024659
1.7553223436995202 0.9276646339906602
1.7553323516897814 0.9622900605290572
1.7553423596800426 0.9341207083914471
1.7553523676703036 0.9299230228038239
1.7553623585820828 0.9123847128648779
1.755372366572344 0.9891359807051485
1.755382374562605 0.9176266119834835
1.7553923825528661 0.9269151914920377
1.755402390543127 0.9381018663702388
1.755412398533388 0.9428009251148213
1.755422406523649 0.9111250771274213
1.7554324145139104 0.9550189738063056
1.7554424225041714 0.951480736351758
1.7554524304944323 0.9294477919074204
1.7554624384846933 0.8846734625819911
1.7554724464749543 0.9235087189099941
1.7554824544652154 0.939504792893446
1.7554924624554766 0.9365996690780997
1.7555024704457376 0.9027281803778954
1.7555124784359986 0.920036378897514
1.755522469347778 0.9409964824738585
1.7555324773380392 0.9264137664076448
1.7555424853283002 0.8905637225385673
1.7555524933185611 0.8985474168240435
1.755562501308822 0.9353345997595711
1.7555725092990833 0.9326291810964865
1.7555825172893442 0.8895594957744835
1.7555925252796052 0.8998352455570865
1.7556025332698664 0.9411459983396065
1.7556125412601276 0.911645515578225
1.7556225492503885 0.9315517799582624
1.7556325572406495 0.9199601174244936
1.7556425652309104 0.8930422378065922
1.7556525732211714 0.951531127589369
1.7556625812114328 0.911739981834106
1.7556725892016938 0.9414906253522636
1.755682580113473 0.9200851048149271
1.755692588103734 0.9564692230409964
1.7557025960939954 0.9607314328106837
1.7557126040842563 0.9470698258971676
1.7557226120745173 0.9294777542471772
1.7557326200647783 0.9441869639742724
1.7557426280550392 0.9639000437873617
1.7557526360453004 0.9293193928192969
1.7557626440355616 0.9555842872563075
1.7557726520258226 0.9660931437870368
1.7557826600160835 0.9331640514684819
1.7557926680063447 0.9250261283003323
1.7558026759966057 0.9278590327915844
1.7558126839868666 0.9238894332390165
1.7558226919771278 0.9398206862892982
1.755832682888907 0.9351472477127846
1.7558426908791682 0.9928965461980733
1.7558526988694292 0.9506923516255011
1.7558627068596904 0.9513733900050079
1.7558727148499513 0.9758296280818981
1.7558827228402125 0.9974864387918818
1.7558927308304735 0.9331060386517004
1.7559027388207344 0.9645372398643656
1.7559127468109954 0.9179816500936052
1.7559227548012564 0.9919322262366593
1.7559327627915178 0.9503180977537741
1.7559427707817787 0.9817795913445941
1.7559527787720397 0.9680526986857816
1.7559627867623007 0.9738005152487359
1.7559727947525618 1.0
1.755982802742823 0.9351106430753032
1.755992810733084 0.9201719704592939
1.7560028016448632 0.9725165483068245
1.7560128096351242 0.9308827873918877
1.7560228176253854 0.9388063100856084
1.7560328256156466 0.972088935642003
1.7560428336059075 0.9398942657509313
1.7560528415961685 0.9578731504728689
1.7560628495864297 0.9502021308509134
1.7560728575766906 0.9415578314814791
1.7560828655669516 0.9485931845300641
1.7560928735572128 0.9360089469239561
1.756102881547474 0.9666427544474178
1.756112889537735 0.9525943471301893
1.7561228975279959 0.9398834448805952
1.7561329055182568 0.9448133040268373
1.7561429135085178 0.9628774147165581
1.7561529044202975 0.936688093869829
1.7561629124105584 0.94461752814046
1.7561729204008194 0.894272755625419
1.7561829283910804 0.9399873303786613
1.7561929363813416 0.9227966303536024
1.7562029443716027 0.9086340343876783
1.7562129523618637 0.8749898194221054
1.7562229603521247 0.9113097148189262
1.7562329683423856 0.9566234000901063
1.7562429763326468 0.8839974250883351
1.756252984322908 0.8914315483703621
1.756262992313169 0.9550013818687124
1.75627300030343 0.9016354941749333
1.756283008293691 0.8952328294432794
1.756293016283952 0.8971787941831366
1.756303024274213 0.9057555419789646
1.7563130322644742 0.9214356268047496
1.7563230231762534 0.9416835848660345
1.7563330311665146 0.8965778388608421
1.7563430391567756 0.903593295763804
1.7563530471470368 0.9151957612313957
1.7563630551372977 0.9133915720217936
1.756373063127559 0.9181930475170134
1.7563830711178199 0.9203563222846165
1.7563930791080808 0.9481913738139977
1.7564030870983418 0.9569384390232776
1.7564130950886028 0.9036598774312277
1.7564231030788642 0.9419893657299033
1.7564331110691251 0.9483791554596114
1.756443119059386 0.9332628964263399
1.756453127049647 0.9867247006063642
1.7564631350399083 0.9344154271354221
1.7564731259516877 0.9399765084368853
1.7564831339419487 0.9652859834251466
1.7564931419322096 0.9876976034556469
1.7565031499224706 0.934936252420566
1.7565131579127318 0.9422843973736018
1.756523165902993 0.9480276411030248
1.756533173893254 0.9456969753023096
1.7565431818835149 0.9750929130305542
1.756553189873776 0.9786536044990305
1.756563197864037 0.9295676470619016
1.756573205854298 0.9371411322415021
1.7565832138445592 0.9639244581771406
1.7565932218348201 0.9466119877370186
1.7566032298250813 0.9591466184652819
1.7566132378153423 0.9470959947650595
1.7566232458056033 0.9784823585599145
1.7566332367173827 0.928746093416174
1.7566432447076439 0.9840247004708618
1.7566532526979048 0.9587270920674423
1.7566632606881658 0.9419047781118003
1.7566732686784268 0.9369210576717599
1.756683276668688 0.9570993030920911
1.7566932846589491 0.9458407043753478
1.75670329264921 0.9496815482472293
1.756713300639471 0.9435762476676328
1.756723308629732 0.9600834868045154
1.7567333166199932 0.9462219099476316
1.7567433246102544 0.9420544382975443
1.7567533326005154 0.9365500685814888
1.7567633405907763 0.9247961221520342
1.7567733485810373 0.9204622883217896
1.7567833565712985 0.9112824364410606
1.756793347483078 0.9264649633389381
1.7568033554733389 0.9601409660471029
1.7568133634635998 0.9395675303902674
1.756823371453861 0.9615569251244399
1.756833379444122 0.918383346820581
1.7568433874343832 0.9524978411190563
1.7568533954246441 0.9303556512403364
1.756863403414905 0.9460301988023828
1.7568734114051663 0.944480509157834
1.7568834193954272 0.8959380887176656
1.7568934273856882 0.8865311500241055
1.7569034353759492 0.9037805692084869
1.7569134433662106 0.9356103123889052
1.7569234513564715 0.9161276690958338
1.7569334593467325 0.9201740892359939
1.7569434673369935 0.8995845748648083
1.756953458248773 0.9146332807496275
1.756963466239034 0.952423274988686
1.756973474229295 0.8961361560820585
1.756983482219556 0.9354789079536561
1.756993490209817 0.9343035521394759
1.7570034982000782 0.9000155230218814
1.7570135061903394 0.9092116670973133
1.7570235141806003 0.88533778559766
1.7570335221708613 0.8916573626361837
1.7570435301611222 0.9550277698966227
1.7570535381513834 0.9305356153803643
1.7570635461416444 0.9281218563564148
1.7570735541319056 0.8726397663924884
1.7570835621221665 0.9374886100447307
1.7570935701124277 0.9063605619279912
1.7571035781026887 0.9108691640255744
1.7571135690144681 0.9254841812171881
1.757123577004729 0.9135030464000011
1.75713358499499 0.9274403782915226
1.7571435929852512 0.8967822423873341
1.7571536009755122 0.928081252733138
1.7571636089657732 0.9348501455748841
1.7571736169560344 0.9661554321217519
1.7571836249462955 0.9305634700839323
1.7571936329365565 0.924074529839308
1.7572036409268175 0.9181190528818561
1.7572136489170784 0.9405719002927219
1.7572236569073396 0.8991848892651418
1.7572336648976008 0.9008759644292275
1.7572436728878618 0.9122943810690064
1.7572536808781227 0.9351752404612049
1.7572636888683837 0.920271558238287
1.7572736797801634 0.924706690762367
1.7572836877704243 0.9392755121638428
1.7572936957606853 0.9283270386700538
1.7573037037509462 0.9179457173722111
1.7573137117412074 0.9287567860622766
1.7573237197314684 0.9393382343499378
1.7573337277217294 0.9202037526220807
1.7573437357119905 0.9726285198576423
1.7573537437022515 0.9422128003235731
1.7573637516925127 0.8993029126442466
1.7573737596827737 0.9360585187623007
1.7573837676730346 0.9220213976846902
1.7573937756632956 0.8981543962432365
1.757403783653557 0.9255907376549254
1.757413791643818 0.9044613228162307
1.757423799634079 0.9161804071615961
1.7574337905458581 0.934977155950583
1.7574437985361193 0.9444261420541349
1.7574538065263805 0.9369081137184115
1.7574638145166415 0.9556524994289604
1.7574738225069024 0.9094629262761788
1.7574838304971634 0.9352958341878117
1.7574938384874246 0.9710330236827888
1.7575038464776858 0.9579304973848206
1.7575138544679467 0.9315260405869642
1.7575238624582077 0.9296832363126949
1.7575338704484686 0.9278141679143738
1.7575438784387298 0.9188719622463738
1.7575538864289908 0.9309599543160089
1.757563894419252 0.9555050792303937
1.757573902409513 0.9506945406780586
1.7575839103997741 0.9097875721512846
1.7575939013115534 0.9154571057377391
1.7576039093018145 0.9321203723830198
1.7576139172920755 0.9427661916849442
1.7576239252823365 0.9608951470328178
1.7576339332725976 0.9098336603112479
1.7576439412628586 0.9472530231578461
1.7576539492531196 0.9605920764684828
1.7576639572433808 0.9197631378758027
1.757673965233642 0.9259765745612478
1.757683973223903 0.9087302810151541
1.7576939812141639 0.9562556187740573
1.7577039892044248 0.9351666272185991
1.7577139971946858 0.9262623253835194
1.7577240051849472 0.9326248861902777
1.7577340131752082 0.9321590063401736
1.7577440211654691 0.9368455537981236
1.7577540120772484 0.9666449802271772
1.7577640200675098 0.9522631968413564
1.7577740280577707 0.886647512524473
1.7577840360480317 0.9043717754855534
1.7577940440382926 0.9355241434628649
1.7578040520285536 0.9377779134121701
1.7578140600188148 0.980437694389194
1.7578240680090758 0.9327709240978791
1.757834075999337 0.9635494325931159
1.757844083989598 0.9211450019470049
1.757854091979859 0.9342088991433944
1.75786409997012 0.9145869494620655
1.757874107960381 0.9229793827753163
1.757884115950642 0.9297945580646626
1.7578941239409034 0.9582746509630762
1.7579041319311643 0.9130004676809068
1.7579141228429436 0.9153622543470776
1.7579241308332045 0.944493557728416
1.7579341388234657 0.9415665035895228
1.757944146813727 0.9203902300891835
1.7579541548039879 0.9387349773090751
1.7579641627942488 0.9249153774593782
1.7579741707845098 0.9689558743510461
1.7579841787747708 0.9366190786831381
1.7579941867650322 0.951491690741617
1.7580041947552931 0.8833707197208148
1.758014202745554 0.9525395129698763
1.758024210735815 0.9260853200789254
1.7580342187260762 0.9217433223388642
1.7580442267163372 0.8940380445727266
1.7580542347065984 0.9098231855244276
1.7580642256183776 0.9267231242948069
1.7580742336086386 0.9491284685505241
1.7580842415988998 0.9460759445240724
1.758094249589161 0.9596878577093706
1.758104257579422 0.9245619154195951
1.7581142655696829 0.9056637811421723
1.758124273559944 0.9283334513482034
1.758134281550205 0.9621571244272558
1.758144289540466 0.9229432544267699
1.7581542975307272 0.9254053373508709
1.7581643055209883 0.9350223671973467
1.7581743135112493 0.9435610391379853
1.7581843215015103 0.9061852732056828
1.7581943294917712 0.9150651169577696
1.7582043374820322 0.9213210629946316
1.7582143454722936 0.9113369940133426
1.7582243534625546 0.8594606549267172
1.7582343443743338 0.9145827376432109
1.7582443523645948 0.9131770747061796
1.7582543603548562 0.9178928776899491
1.7582643683451171 0.9103072466136558
1.758274376335378 0.8986115575517102
1.758284384325639 0.9367592711073843
1.7582943923159 0.9387544311651341
1.7583044003061612 0.9298866226591227
1.7583144082964222 0.908303525777388
1.7583244162866833 0.8859862868489338
1.7583344242769443 0.9104560790317731
1.7583444322672055 0.9151030440190918
1.7583544402574665 0.9118659520690716
1.7583644482477274 0.9196805461015384
1.7583744562379884 0.918677331021026
1.7583844642282496 0.8946352375537084
1.758394455140029 0.874192346602833
1.75840446313029 0.887301059300861
1.758414471120551 0.909025361374226
1.7584244791108121 0.9069388376574634
1.7584344871010733 0.895090607607585
1.7584444950913343 0.8927831808641832
1.7584545030815952 0.9133663344286538
1.7584645110718562 0.9378211006754654
1.7584745190621172 0.8932232110465378
1.7584845270523786 0.9190856809658866
1.7584945350426395 0.8705746160910725
1.7585045430329005 0.8900409733403567
1.7585145510231615 0.8828135695619059
1.7585245590134226 0.893258176012524
1.7585345670036836 0.8834907360116867
1.7585445749939448 0.8970114775147893
1.758554565905724 0.9064837016590296
1.758564573895985 0.8949958056029997
1.7585745818862462 0.9274809538764952
1.7585845898765073 0.8963693539811026
1.7585945978667683 0.9522719675499147
1.7586046058570293 0.9159420552532581
1.7586146138472905 0.8768049642221643
1.7586246218375514 0.9209732157726233
1.7586346298278124 0.9016998553378544
1.7586446378180733 0.909994987257978
1.7586546458083345 0.9144795541399221
1.7586646537985957 0.9073419698692244
1.7586746617888567 0.8708452753939809
1.7586846697791176 0.9157670221141184
1.7586946777693786 0.9051884420409324
1.7587046686811583 0.932910540533301
1.7587146766714192 0.8744158073099296
1.7587246846616802 0.9116182271487802
1.7587346926519412 0.9072458702823686
1.7587447006422021 0.9347253047347703
1.7587547086324635 0.8904837527779724
1.7587647166227245 0.8854947690639872
1.7587747246129855 0.9333316643112723
1.7587847326032464 0.8979848299440487
1.7587947405935076 0.8952266454153358
1.7588047485837686 0.894235691889415
1.7588147565740297 0.9302892446957534
1.7588247645642907 0.8920578103362802
1.7588347725545517 0.9358537824885031
1.7588447805448129 0.90580351157098
1.7588547885350738 0.9204559300155201
1.7588647794468533 0.9086779718007835
1.7588747874371142 0.9243469232890833
1.7588847954273754 0.9059891569724936
1.7588948034176364 0.9310499904791195
1.7589048114078973 0.8966315160835054
1.7589148193981585 0.9074192747496775
1.7589248273884195 0.8967017142236392
1.7589348353786807 0.901303380564565
1.7589448433689416 0.9080525869084684
1.7589548513592026 0.9017393047730468
1.7589648593494636 0.8903812379485789
1.758974867339725 0.914536408915938
1.758984875329986 0.9102862862560098
1.758994883320247 0.9423321317627765
1.7590048913105079 0.9429333580559208
1.759014899300769 0.894771206153331
1.7590248902125485 0.8871049447026
1.7590348982028094 0.9055553485019319
1.7590449061930704 0.9077954465164927
1.7590549141833314 0.9266591107402427
1.7590649221735926 0.9177111324100393
1.7590749301638537 0.9108565799899497
1.7590849381541147 0.9046216971681703
1.7590949461443757 0.9266399075361288
1.7591049541346369 0.9083077086793367
1.7591149621248978 0.9208247843912628
1.7591249701151588 0.9068532212411174
1.7591349781054197 0.9024081314241436
1.759144986095681 0.9779755561029452
1.7591549940859421 0.8821755156932519
1.759165002076203 0.9268597013244144
1.759175010066464 0.9325003425135654
1.759185018056725 0.9334262284269044
1.7591950089685047 0.9388387358667996
1.7592050169587656 0.9093226313412933
1.7592150249490266 0.8876709349724381
1.7592250329392876 0.9412933705515001
1.7592350409295485 0.9225140728588177
1.75924504891981 0.9475649762020938
1.759255056910071 0.9226500295739782
1.7592650649003319 0.9129626277622773
1.7592750728905928 0.9188444575065594
1.759285080880854 0.9055678592978293
1.759295088871115 0.9231876796555325
1.7593050968613761 0.9098608953213704
1.7593151048516371 0.9384885966904806
1.759325112841898 0.8925796888435593
1.7593351208321593 0.9416488925997353
1.7593451117439387 0.9207802596418942
1.7593551197341997 0.9420869762670468
1.7593651277244606 0.9375188315940192
1.7593751357147218 0.946112978395129
1.7593851437049828 0.9257143584927342
1.7593951516952437 0.8898053241074747
1.759405159685505 0.9411481654108478
1.759415167675766 0.9127923675352282
1.759425175666027 0.9445153057466641
1.759435183656288 0.9839839169051228
1.759445191646549 0.9141237656484479
1.75945519963681 0.964070957502475
1.7594652076270714 0.9261898130960035
1.7594752156173323 0.9128470155055816
1.7594852236075933 0.9279081730034696
1.7594952315978543 0.9048112671558317
1.7595052225096337 0.9408014974756064
1.7595152304998949 0.8988226335546198
1.7595252384901559 0.9003554546225901
1.7595352464804168 0.895496721100164
1.7595452544706778 0.910391092870704
1.759555262460939 0.8891970229449009
1.7595652704512001 0.8952802417433944
1.759575278441461 0.8773381206165423
1.759585286431722 0.928399718283007
1.759595294421983 0.945022176362244
1.7596053024122442 0.9168135008036264
1.7596153104025052 0.8901352505066934
1.7596253183927661 0.9166256373958144
1.7596353263830273 0.887276542605266
1.7596453343732885 0.9425990549497814
1.7596553423635495 0.8868986625933454
1.7596653332753287 0.8875237836445097
1.7596753412655899 0.8923454221536011
1.7596853492558509 0.8747823259612856
1.759695357246112 0.8935358875731051
1.759705365236373 0.931176484559101
1.759715373226634 0.8640940208118979
1.759725381216895 0.9183960348430509
1.7597353892071563 0.8702739821916944
1.7597453971974173 0.8878753522921833
1.7597554051876783 0.9105860652709026
1.7597654131779392 0.8414881412121479
1.7597754211682002 0.864231317569127
1.7597854291584614 0.8660420911569567
1.7597954371487226 0.8526994836549798
1.7598054451389835 0.8892318303069107
1.7598154531292445 0.869775159109236
1.759825444041024 0.8861699111682557
1.759835452031285 0.8533142534700026
1.759845460021546 0.8594942982671456
1.759855468011807 0.8468353914094477
1.759865476002068 0.8639209385978341
1.7598754839923292 0.8689304169746354
1.7598854919825901 0.8931203808435103
1.7598954999728513 0.8703601532931972
1.7599055079631123 0.8822872433983733
1.7599155159533735 0.8703862067012202
1.7599255239436344 0.8537997041880551
1.7599355319338954 0.8821125481306485
1.7599455399241564 0.8804120945745154
1.7599555479144178 0.8486956965085564
1.7599655559046787 0.8670916419458345
1.7599755638949397 0.8967017142236392
1.759985554806719 0.8402238404175574
1.7599955627969799 0.8539157029090412
1.7600055707872413 0.8605676177269972
1.7600155787775023 0.8541792161781241
1.7600255867677632 0.8947052794032843
1.7600355947580242 0.8313635891684411
1.7600456027482854 0.886467871566819
1.7600556107385465 0.8998725413799803
1.7600656187288075 0.8878446866935044
1.7600756267190685 0.8691225136827638
1.7600856347093294 0.8535166548244459
1.7600956426995906 0.9160032192964999
1.7601056506898516 0.8537112411800333
1.7601156586801125 0.8464961749320591
1.7601256666703737 0.8723625232729214
1.760135674660635 0.8611067627492075
1.7601456655724141 0.9118911482045438
1.760155673562675 0.8722801709136471
1.7601656815529363 0.8761026621589817
1.7601756895431973 0.8493603826391419
1.7601856975334584 0.9117105912833559
1.7601957055237194 0.901442438248527
1.7602057135139804 0.8497477043867379
1.7602157215042413 0.9072792950711387
1.7602257294945027 0.8925694126992849
1.7602357374847637 0.8834419138583387
1.7602457454750247 0.8916450440195685
1.7602557534652856 0.8803695239047025
1.7602657614555466 0.8683943716782002
1.7602757694458078 0.9034372642030667
1.760285777436069 0.8967388801698339
1.7602957683478482 0.8700816309816901
1.7603057763381091 0.8808074919695067
1.7603157843283703 0.9071727578499114
1.7603257923186315 0.8930401815032151
1.7603358003088925 0.8709575735735241
1.7603458082991534 0.8707811115067132
1.7603558162894144 0.8738140028726423
1.7603658242796756 0.8776371531265351
1.7603758322699365 0.8961320292320519
1.7603858402601977 0.8998746134154654
1.7603958482504587 0.9055595187480255
1.7604058562407199 0.9056137336949263
1.7604158642309808 0.8888203716065395
1.7604258722212418 0.8775846130093938
1.7604358802115028 0.8764456704461611
1.7604458882017637 0.9146817205143187
1.7604558961920251 0.8959814122125299
1.7604658871038044 0.8880062040807027
1.7604758950940653 0.876134939568426
1.7604859030843263 0.8928386867391339
1.7604959110745877 0.8607162453227745
1.7605059190648487 0.8765546541212346
1.7605159270551096 0.8701136865640641
1.7605259350453706 0.9031003279780695
1.7605359430356315 0.8662116092722018
1.760545951025893 0.866265463146577
1.760555959016154 0.9050279672145675
1.7605659670064149 0.8931676812665301
1.7605759749966758 0.8976478602872041
1.760585982986937 0.8803087122328258
1.760595990977198 0.9106049357835282
1.760605998967459 0.8901618958635489
1.7606159898792384 0.9221530351097589
1.7606259978694994 0.8813106128889957
1.7606360058597605 0.8712985674757487
1.7606460138500215 0.8697371080465937
1.7606560218402827 0.8725654244485859
1.7606660298305437 0.897288289881677
1.7606760378208048 0.8797899567972852
1.7606860458110658 0.869482809480581
1.7606960538013268 0.8909247010581277
1.7607060617915877 0.8798912521901807
1.760716069781849 0.871748080947436
1.76072607777211 0.8674291249419571
1.760736085762371 0.9009651656184628
1.760746093752632 0.8793727427588693
1.760756101742893 0.9085398899419976
1.7607661097331542 0.8596090913402837
1.7607761177234154 0.8852154801111745
1.7607861086351946 0.891398707423404
1.7607961166254555 0.9031731121982325
1.7608061246157165 0.9043467871151571
1.760816132605978 0.8948371377612212
1.7608261405962389 0.9013199833393092
1.7608361485864998 0.882203954130309
1.7608461565767608 0.9212086345872716
1.760856164567022 0.9065964204829497
1.760866172557283 0.8943839560508577
1.7608761805475441 0.9016500269391909
1.760886188537805 0.8772350992360736
1.7608961965280663 0.8911709066633989
1.7609062045183272 0.8949010136392044
1.7609162125085882 0.8785267707622803
1.7609262204988492 0.9264350981185201
1.7609362114106286 0.8992014530154746
1.7609462194008898 0.9202079903267256
1.7609562273911508 0.9525746064688463
1.7609662353814117 0.8808054638376389
1.7609762433716727 0.8765304343556876
1.760986251361934 0.916570763216671
1.760996259352195 0.9082052331267307
1.761006267342456 0.9054198259578684
1.761016275332717 0.9018119793032789
1.761026283322978 0.8769644732545748
1.7610362913132391 0.8868108540759296
1.7610462993035003 0.8895758822168809
1.7610563072937613 0.9281881081869975
1.7610663152840222 0.8706888842012046
1.7610763232742834 0.9097603393359562
1.7610863312645444 0.9187196386497416
1.7610963392548054 0.9253861601287672
1.7611063301665848 0.8893403561225619
1.7611163381568458 0.8495227232895995
1.761126346147107 0.8705144810040888
1.761136354137368 0.8970610495706557
1.761146362127629 0.8891745012602147
1.76115637011789 0.9063125628356744
1.7611663781081512 0.8892748295175912
1.7611763860984122 0.8876934185736596
1.7611863940886732 0.8937766407639277
1.7611964020789341 0.8826977102233734
1.7612064100691953 0.9112971246969094
1.7612164180594565 0.9103282074539358
1.7612264260497175 0.8870109884859644
1.7612364340399784 0.8752296061555518
1.7612464420302394 0.9016085053770446
1.761256432942019 0.9560904935375611
1.76126644093228 0.959597261704683
1.761276448922541 0.8942171605974673
1.761286456912802 0.9186836770411282
1.761296464903063 0.9266911169647882
1.7613064728933243 0.8888960984601971
1.7613164808835853 0.8678386741154156
1.7613264888738462 0.8865658530312857
1.7613364968641072 0.8934947396722819
1.7613465048543684 0.9001067115835085
1.7613565128446294 0.866973853361902
1.7613665208348905 0.8889820664910866
1.7613765288251515 0.890639597924467
1.7613865368154125 0.8704142650897316
1.7613965448056736 0.8658267512875661
1.7614065527959346 0.8839424688557435
1.7614165607861956 0.859919901240185
1.761426551697975 0.8712925487792568
1.7614365596882362 0.8733996227514012
1.7614465676784972 0.8998580372651741
1.7614565756687581 0.8990979345815218
1.761466583659019 0.9100431813746593
1.7614765916492803 0.8835497330467841
1.7614865996395415 0.8796542392532996
1.7614966076298024 0.8697010612070107
1.7615066156200634 0.8902459364444367
1.7615166236103244 0.9180556336549597
1.7615266316005855 0.8861719516522343
1.7615366395908467 0.9029339860709802
1.7615466475811077 0.8801121165738891
1.7615566555713686 0.9003098465867205
1.7615666635616296 0.8819155496285931
1.7615766544734093 0.9048675208377169
1.7615866624636702 0.8834520849177945
1.7615966704539312 0.8847447617124177
1.7616066784441922 0.8665367780178141
1.7616166864344533 0.9079835908742847
1.7616266944247143 0.859387435737936
1.7616367024149755 0.9404809433238197
1.7616467104052365 0.8709535626749096
1.7616567183954974 0.9022855453319866
1.7616667263857586 0.8982495328200352
1.7616767343760196 0.8671535372758158
1.7616867423662805 0.9083725461228475
1.7616967503565417 0.8773805447014649
1.761706758346803 0.8789294166508974
1.7617167663370639 0.8819541334989495
1.7617267743273248 0.8706728456669599
1.7617367823175858 0.8791520639212266
1.7617467732293652 0.8833707197208148
1.7617567812196264 0.8773906459764276
1.7617667892098874 0.8899098217192509
1.7617767972001483 0.8941800991656368
1.7617868051904093 0.8674530932255573
1.7617968131806707 0.8833890262367557
1.7618068211709317 0.8533535509484457
1.7618168291611926 0.8685703500769159
1.7618268371514536 0.8597278589290396
1.7618368451417148 0.9038180285547491
1.7618468531319758 0.8857782252836396
1.761856861122237 0.8609223847329345
1.761866869112498 0.8879387312192238
1.7618768771027589 0.9164631349453086
1.76188688509302 0.868852389815365
1.7618968760047993 0.9110264791407686
1.7619068839950605 0.8673212758609472
1.7619168919853214 0.9265182964843187
1.7619268999755826 0.8710297729072153
1.7619369079658436 0.858803884206639
1.7619469159561045 0.9048300179945428
1.7619569239463655 0.8756912294074731
1.7619669319366267 0.890639597924467
1.7619769399268879 0.8395779034114894
1.7619869479171488 0.9283804790081942
1.7619969559074098 0.8878140221539574
1.7620069638976708 0.9210283535222185
1.762016971887932 0.8806655340162151
1.7620269798781931 0.8710057057976669
1.762036987868454 0.8596110706656405
1.762046995858715 0.8675989145536517
1.7620569867704943 0.8935235430038899
1.7620669947607557 0.861138487679124
1.7620770027510166 0.9091300228112213
1.7620870107412776 0.887268370523939
1.7620970187315386 0.8839322921505665
1.7621070267217998 0.8940401031737709
1.7621170347120607 0.8751772101672238
1.762127042702322 0.919769491396417
1.7621370506925829 0.8817206253558194
1.7621470586828438 0.898243327953513
1.762157066673105 0.9199749455491616
1.762167074663366 0.8870620504126158
1.762177082653627 0.8967326857384964
1.7621870906438881 0.905203032072405
1.7621970986341493 0.8679305995137798
1.7622070895459285 0.898290899692215
1.7622170975361895 0.8498318430570703
1.7622271055264507 0.8797210825911873
1.7622371135167116 0.94237118897071
1.7622471215069728 0.9122481682597835
1.7622571294972338 0.8787816909533593
1.7622671374874948 0.8914561798745936
1.7622771454777557 0.9027302589887379
1.7622871534680171 0.895278180286827
1.762297161458278 0.8773098390328968
1.762307169448539 0.8909370097227666
1.7623171774388 0.8965819677638809
1.762327185429061 0.9199241072595957
1.7623371934193222 0.9070850307082661
1.7623472014095831 0.8927030118033609
1.7623572093998443 0.8994644434249071
1.7623672173901053 0.9019075033078181
1.7623772253803665 0.8532376285920329
1.7623872162921457 0.8854886523039492
1.7623972242824069 0.8776553408230202
1.7624072322726678 0.9087051722164635
1.7624172402629288 0.8923043290744742
1.76242724825319 0.8771583460724287
1.762437256243451 0.8842152482048712
1.762447264233712 0.8684063690726872
1.762457272223973 0.8754916331543915
1.7624672802142343 0.9135409087175731
1.7624772882044952 0.9039262531655292
1.7624872961947562 0.9000072336107474
1.7624973041850172 0.8496498791982704
1.7625073121752781 0.9166805148602201
1.7625173201655395 0.9665381485795788
1.7625273281558005 0.8832344498036775
1.7625373190675797 0.8960515594554088
1.7625473270578407 0.8622873203682769
1.762557335048102 0.8842193201759448
1.762567343038363 0.906654872798499
1.762577351028624 0.8689584284332743
1.762587359018885 0.8682884018918924
1.762597367009146 0.9137849479662241
1.7626073749994071 0.9049258616833933
1.7626173829896683 0.8723906453713789
1.7626273909799293 0.8807851827758263
1.7626373989701902 0.9023811194987819
1.7626474069604514 0.9025432031800826
1.7626574149507124 0.8847895812498032
1.7626674229409733 0.9115489601886198
1.7626774309312345 0.8929476527516207
1.7626874389214957 0.9124393364293538
1.762697429833275 0.89180109240571
1.762707437823536 0.8650615319661588
1.762717445813797 0.8575175162362512
1.762727453804058 0.8983881193407847
1.7627374617943192 0.862471990703729
1.7627474697845802 0.8793241481679523
1.7627574777748412 0.9103638419900942
1.7627674857651021 0.8829965363224604
1.7627774937553635 0.8775239937057006
1.7627875017456245 0.8575392360888631
1.7627975097358854 0.8633064785118665
1.7628075177261464 0.8855008858662785
1.7628175257164074 0.8780070437153586
1.7628275337066686 0.8873439651482273
1.7628375416969295 0.8537938063690126
1.762847532608709 0.880207368780835
1.76285754059897 0.8921235420064122
1.762867548589231 0.8766717257559423
1.762877556579492 0.8679525831168472
1.7628875645697533 0.8851258001595392
1.7628975725600142 0.8691805512482453
1.7629075805502752 0.8743433273091086
1.7629175885405364 0.8545293819514469
1.7629275965307973 0.8475376502286102
1.7629376045210583 0.859642740491211
1.7629476125113195 0.8470538095535426
1.7629576205015807 0.8838834455966006
1.7629676284918416 0.8491335488856702
1.7629776364821026 0.8597100427446762
1.7629876444723636 0.878047478365002
1.7629976524626245 0.9109509644949858
1.763007660452886 0.845794779065957
1.7630176513646652 0.8370819936821329
1.7630276593549261 0.8748991608858763
1.763037667345187 0.8431968976805557
1.7630476753354485 0.8995182934657139
1.7630576833257094 0.8417672015931156
1.7630676913159704 0.8692025665110363
1.7630776993062314 0.8813532290655957
1.7630877072964923 0.8822811487950611
1.7630977152867535 0.865806815119387
1.7631077232770147 0.8448916149171192
1.7631177312672757 0.853544169394089
1.7631277392575366 0.8622694511440652
1.7631377472477978 0.8826570614275697
1.7631477552380588 0.8660261382190185
1.7631577632283197 0.8554428485882092
1.7631677541400992 0.850315312630866
1.7631777621303601 0.853418395744501
1.7631877701206213 0.8806472839393427
1.7631977781108823 0.8913453434650294
1.7632077861011433 0.8441740543442438
1.7632177940914044 0.852110663113845
1.7632278020816656 0.8135663923587875
1.7632378100719266 0.8757638211446591
1.7632478180621876 0.8133004264119063
1.7632578260524485 0.8517614884738545
1.7632678340427095 0.8461999590918099
1.7632778420329709 0.8813633760780405
1.7632878500232319 0.8472079062330475
1.7632978580134928 0.8774411540957081
1.7633078660037538 0.8581476153685
1.763317873994015 0.8554999726639955
1.763327881984276 0.8776896963892009
1.7633378728960554 0.834597347284463
1.7633478808863163 0.8697210870445559
1.7633578888765773 0.843771787222337
1.7633678968668385 0.8445201185599923
1.7633779048570997 0.8277782289178186
1.7633879128473606 0.8667782398882148
1.7633979208376216 0.873439845216584
1.7634079288278828 0.8721556528442314
1.7634179368181437 0.8351317596419963
1.7634279448084047 0.8423100839497523
1.7634379527986659 0.8817125044461459
1.7634479607889268 0.8209940317325053
1.763457968779188 0.875987683551464
1.763467976769449 0.83514714347921
1.76347798475971 0.8600189088766979
1.7634879756714894 0.8434629296059543
1.7634979836617506 0.8437037899904692
1.7635079916520116 0.846609231990744
1.7635179996422725 0.8267953015760315
1.7635280076325335 0.8282949241886872
1.7635380156227947 0.8571009964390472
1.7635480236130558 0.8708472805916392
1.7635580316033168 0.8512262345707371
1.7635680395935778 0.8348279869162992
1.7635780475838387 0.8577446146131759
1.7635880555741 0.8247550814795155
1.763598063564361 0.8368044865285935
1.763608071554622 0.8767686244505288
1.763618079544883 0.7966012801655841
1.7636280875351442 0.8741681921093548
1.7636380955254052 0.854777338872713
1.7636481035156661 0.8646652390868348
1.7636580944274456 0.8383029607132311
1.7636681024177066 0.851769333523206
1.7636781104079677 0.8302444860971837
1.7636881183982287 0.8635271565776004
1.7636981263884897 0.9111964099823301
1.7637081343787508 0.8339442143002741
1.7637181423690118 0.8622178310208637
1.763728150359273 0.831160699676301
1.763738158349534 0.8564302527164898
1.763748166339795 0.8504837107128418
1.7637581743300559 0.8403824997204332
1.7637681823203173 0.821934102614917
1.7637781903105783 0.7918574371805351
1.7637881983008392 0.8493994980309152
1.7637982062911002 0.83188443788679
1.7638081972028796 0.8349625561344595
1.7638182051931408 0.8364269162818487
1.7638282131834018 0.8356511207920747
1.7638382211736627 0.8465293107816406
1.7638482291639237 0.8385925503058168
1.7638582371541849 0.8747339850391648
1.763868245144446 0.8924604928432666
1.763878253134707 0.8374560030001076
1.763888261124968 0.8619220676010182
1.7638982691152292 0.8365463333428781
1.7639082771054901 0.8355703100715068
1.763918285095751 0.8307512434623096
1.7639282930860123 0.8186947397798304
1.7639383010762733 0.8451951572652392
1.7639483090665344 0.8408470405979016
1.7639583170567954 0.8385693794574686
1.7639683250470564 0.8336082421798641
1.7639783159588358 0.8350202352966509
1.763988323949097 0.8358955245679599
1.763998331939358 0.8504327961479481
1.764008339929619 0.8273075734073405
1.7640183479198799 0.8354644983260557
1.764028355910141 0.849024064618441
1.7640383639004023 0.8324611986302642
1.7640483718906632 0.8153179427998467
1.7640583798809242 0.8689224138665919
1.7640683878711851 0.8310133487350322
1.7640783958614463 0.8546317046611533
1.7640884038517075 0.836937447224615
1.7640984118419685 0.8276391004349638
1.7641084198322294 0.833905810634233
1.7641184278224904 0.8295107144490927
1.76412841873427 0.8524423153241832
1.764138426724531 0.8178619431158809
1.764148434714792 0.8445103957187851
1.764158442705053 0.833021096156043
1.7641684506953141 0.8270352109598721
1.764178458685575 0.8398737350519271
1.764188466675836 0.8306766446701392
1.7641984746660972 0.826405121531653
1.7642084826563582 0.8423837878186159
1.7642184906466194 0.8519144799700847
1.7642284986368804 0.8452107264787952
1.7642385066271413 0.8328561557191267
1.7642485146174023 0.8249298143119238
1.7642585226076637 0.827138050576458
1.7642685305979247 0.8452613284035767
1.7642785385881856 0.8494894702683282
1.7642885294999648 0.8542618266264865
1.764298537490226 0.8348202979017959
1.7643085454804872 0.8400845545076516
1.7643185534707482 0.8526877032576388
1.7643285614610091 0.8563060255045001
1.76433856945127 0.8158418886433766
1.7643485774415313 0.8255378690498827
1.7643585854317925 0.8127668838663425
1.7643685934220534 0.8038351628740019
1.7643786014123144 0.8226194997295311
1.7643886094025754 0.8298736974552908
1.7643986173928365 0.81622708134853
1.7644086253830975 0.8257641037152046
1.7644186333733587 0.7897070224807619
1.7644286413636197 0.820840922912933
1.764438632275399 0.8130102107211907
1.76444864026566 0.8359359446772511
1.7644586482559212 0.8247076061270778
1.7644686562461822 0.8296730819533091
1.7644786642364432 0.8111795621859305
1.7644886722267044 0.8280565560511359
1.7644986802169653 0.8316699312604379
1.7645086882072263 0.8146555114063658
1.7645186961974872 0.8152372212216125
1.7645287041877487 0.8199134297775961
1.7645387121780096 0.8235728098378277
1.7645487201682706 0.8172538967165733
1.7645587281585315 0.8203685448691039
1.7645687361487925 0.8127144845380105
1.764578744139054 0.7891562492475516
1.7645887521293149 0.8021341382627192
1.7645987601195758 0.8078579441265578
1.7646087681098368 0.8176397560891495
1.7646187590216165 0.7817159980255474
1.7646287670118774 0.8267591308030643
1.7646387750021384 0.7918519672420368
1.7646487829923994 0.8058069336486875
1.7646587909826603 0.7895361144212829
1.7646687989729215 0.8339691776316046
1.7646788069631825 0.8070584704623956
1.7646888149534437 0.7923608332011284
1.7646988229437046 0.7929850505085093
1.7647088309339658 0.7791731885527222
1.7647188389242268 0.8042072796503434
1.7647288469144877 0.8152315897818434
1.7647388549047487 0.8063006316080458
1.76474886289501 0.8114971520349742
1.764758870885271 0.7831176278943524
1.7647688617970503 0.771253237342192
1.7647788697873112 0.7697026822749234
1.7647888777775724 0.7903182304060431
1.7647988857678336 0.8019420751208359
1.7648088937580946 0.7870204187453933
1.7648189017483555 0.801864524196375
1.7648289097386165 0.7938839100123808
1.7648389177288777 0.8034447180694512
1.7648489257191389 0.8177621397797838
1.7648589337093998 0.7946593542312329
1.7648689416996608 0.8289302718459103
1.7648789496899218 0.7668051128953178
1.764888957680183 0.7831879556561163
1.764898965670444 0.7955088215790055
1.764908973660705 0.7891816890494088
1.764918981650966 0.7837778754270404
1.7649289896412272 0.7843501790043339
1.7649389805530065 0.7527088113562598
1.7649489885432676 0.775768247886603
1.7649589965335286 0.8257222741481484
1.7649690045237896 0.7920671466445824
1.7649790125140508 0.785273605037282
1.7649890205043117 0.8052059955909722
1.7649990284945727 0.796273018459186
1.7650090364848336 0.8203836567553453
1.765019044475095 0.8302158109637314
1.765029052465356 0.7623703544955515
1.765039060455617 0.7851705467205734
1.765049068445878 0.7769623959921379
1.765059076436139 0.7749255853065775
1.7650690844264003 0.7714503847942775
1.7650790924166613 0.8058477543413336
1.7650890833284405 0.7658787150878026
1.7650990913187015 0.7840143287850192
1.7651090993089629 0.8064380299237476
1.7651191072992238 0.7966361315303594
1.7651291152894848 0.7844332609236037
1.7651391232797458 0.8046332962580021
1.7651491312700067 0.7905311727605492
1.765159139260268 0.7785419167890766
1.7651691472505289 0.7882754479416323
1.76517915524079 0.7699260252183271
1.765189163231051 0.7799647940415009
1.7651991712213122 0.7887220819631895
1.7652091792115732 0.7963060218980007
1.7652191872018341 0.7679713172694977
1.765229195192095 0.806566165663321
1.7652392031823563 0.7679412564296332
1.7652491940941357 0.8242747570053124
1.7652592020843967 0.7607938618177
1.7652692100746576 0.770978025644613
1.7652792180649188 0.7687161406509598
1.76528922605518 0.7822741871771807
1.765299234045441 0.7879252170084705
1.765309242035702 0.7848343452287198
1.765319250025963 0.7831446762861016
1.7653292580162239 0.8122991522755156
1.7653392660064853 0.8159733974174174
1.7653492739967462 0.8073093827667338
1.7653592819870072 0.7719763577425226
1.7653692899772682 0.7684949181981818
1.7653792979675293 0.8038425665035492
1.7653893059577903 0.7787660314167001
1.7653992968695698 0.8047815288409709
1.7654093048598307 0.76670800917294
1.7654193128500917 0.7802504000340063
1.7654293208403529 0.7662297321837811
1.765439328830614 0.7343464504521091
1.765449336820875 0.7564896664607209
1.765459344811136 0.7890981042084207
1.7654693528013972 0.7835721648884382
1.7654793607916581 0.7581183347801012
1.765489368781919 0.7643847253650611
1.76549937677218 0.771919478517945
1.7655093847624412 0.7933229168431637
1.7655193927527024 0.798059000632957
1.7655294007429634 0.7725240346308258
1.7655394087332243 0.7700217634604024
1.7655494167234853 0.7625020225603802
1.7655594247137465 0.7857890995616208
1.765569415625526 0.7596735402366533
1.765579423615787 0.7812643366880914
1.7655894316060479 0.7683197551943357
1.7655994395963088 0.7809747630201613
1.7656094475865702 0.7656318647497775
1.7656194555768312 0.7812283589642066
1.7656294635670922 0.7685621630878671
1.7656394715573531 0.7723799650779903
1.7656494795476143 0.7640574241359332
1.7656594875378753 0.7500841698635055
1.7656694955281365 0.7344834257356838
1.7656795035183974 0.7699969412916168
1.7656895115086586 0.7494281465111352
1.7656995194989196 0.7544578818695438
1.7657095274891805 0.750657797125119
1.76571951840096 0.7390996557542469
1.765729526391221 0.7355073211512388
1.7657395343814821 0.7730934611338988
1.765749542371743 0.7433049072569221
1.765759550362004 0.7404640873457725
1.7657695583522652 0.7532532254331776
1.7657795663425264 0.7304491701130689
1.7657895743327874 0.7537893548995688
1.7657995823230483 0.7418276215267013
1.7658095903133093 0.7356021670848861
1.7658195983035703 0.7441697289826884
1.7658296062938317 0.7384413370900441
1.7658396142840926 0.7211440091574433
1.7658496222743536 0.7324770130512301
1.7658596302646146 0.7514809920099789
1.7658696382548758 0.7160774540047123
1.7658796462451367 0.726549151636326
1.7658896371569162 0.73446482265482
1.7658996451471771 0.7244809995119688
1.765909653137438 0.7486365043887866
1.7659196611276993 0.7251485785561407
1.7659296691179605 0.7449583630626105
1.7659396771082214 0.7514550372242548
1.7659496850984824 0.7432261813775213
1.7659596930887436 0.7611618272211172
1.7659697010790045 0.748119543184894
1.7659797090692655 0.7116574497780619
1.7659897170595265 0.7383427248821571
1.7659997250497876 0.7232209531086475
1.7660097330400488 0.7385110536654322
1.7660197410303098 0.7451934003453763
1.7660297490205707 0.7369312950947234
1.7660397399323502 0.741556079962476
1.7660497479226114 0.7554104702417792
1.7660597559128723 0.7387423557777224
1.7660697639031333 0.7298052781909306
1.7660797718933943 0.7204933886164191
1.7660897798836552 0.7434914866550483
1.7660997878739166 0.727672562843428
1.7661097958641776 0.7193081814206717
1.7661198038544386 0.7129071985415986
1.7661298118446995 0.7286064306704433
1.7661398198349607 0.7456259253660638
1.7661498278252217 0.746744443985357
1.7661598358154829 0.7413597439210827
1.7661698438057438 0.7331739062991253
1.7661798517960048 0.718947205538131
1.766189859786266 0.7221975320696112
1.766199867776527 0.7341334285612435
1.7662098586883064 0.7307688050870651
1.7662198666785673 0.723484114866101
1.7662298746688285 0.7268034832102312
1.7662398826590895 0.7406772407157137
1.7662498906493505 0.7458508688856185
1.7662598986396116 0.7301145444313937
1.7662699066298726 0.7448605956673688
1.7662799146201338 0.718207605830171
1.7662899226103947 0.7673561886347484
1.7662999306006557 0.7212652355130629
1.7663099385909167 0.7305551388452766
1.766319946581178 0.7246278141509762
1.766329954571439 0.7493021866859213
1.7663399625617 0.7572163800147556
1.766349970551961 0.7569026051168734
1.7663599614637402 0.7213715329182337
1.7663699694540016 0.7454559748904784
1.7663799774442626 0.7372266056293749
1.7663899854345235 0.6940360030130354
1.7663999934247845 0.7198715331305648
1.7664100014150457 0.7352617947530112
1.7664200094053069 0.7259337700168714
1.7664300173955678 0.7266010146659214
1.7664400253858288 0.6991268797014754
1.7664500333760897 0.7043605112320004
1.766460041366351 0.7221027517770991
1.766470049356612 0.7447611262251567
1.7664800573468729 0.715525309179173
1.766490065337134 0.7388614365737629
1.7665000733273952 0.7218085133040917
1.7665100813176562 0.7285359715886474
1.7665200722294354 0.6927188409836649
1.7665300802196966 0.710563671752475
1.7665400882099576 0.736234220866172
1.7665500962002187 0.7258117589992495
1.7665601041904797 0.7536244848399977
1.7665701121807407 0.6954101096058697
1.7665801201710016 0.7441217521338092
1.766590128161263 0.7002562601206492
1.766600136151524 0.7383257241083672
1.766610144141785 0.707303814100386
1.766620152132046 0.7049300106924826
1.7666301601223071 0.7173944293391087
1.766640168112568 0.7038725035112796
1.7666501761028293 0.7434058939615574
1.7666601840930902 0.7249816261472662
1.7666701750048694 0.6928959135039465
1.7666801829951306 0.7285376491066466
1.7666901909853918 0.6981182639011656
1.7667001989756528 0.7036472585986507
1.7667102069659137 0.7084871862933939
1.766720214956175 0.6979302144580035
1.766730222946436 0.7040913355764645
1.7667402309366969 0.6938810068583444
1.766750238926958 0.7067779630799291
1.766760246917219 0.666073261631813
1.7667702549074802 0.7003304344315995
1.7667802628977411 0.7000386199995229
1.7667902708880021 0.7181563419018733
1.766800278878263 0.6821470416275285
1.7668102868685245 0.6895265607893261
1.7668202948587854 0.7126281931390558
1.7668303028490464 0.6859003113541626
1.7668403108393074 0.7085263398240467
1.7668503017510866 0.6502868921337935
1.766860309741348 0.6911845152651178
1.766870317731609 0.6792521159964868
1.76688032572187 0.6788518408175873
1.766890333712131 0.6785002312276599
1.766900341702392 0.6713917494215437
1.766910349692653 0.6647494703920626
1.7669203576829142 0.6732649410124265
1.7669303656731752 0.6627061485968133
1.7669403736634361 0.6736231439752339
1.7669503816536973 0.6607969047029333
1.7669603896439583 0.6570402877227036
1.7669703976342193 0.6823858300568332
1.7669804056244804 0.6708756050851656
1.7669904136147416 0.6356967630195162
1.7670004045265209 0.63518319577443
1.7670104125167818 0.6607299602856832
1.767020420507043 0.6583335679249173
1.767030428497304 0.6572763411385779
1.7670404364875651 0.636203420896482
1.767050444477826 0.6553389787171902
1.767060452468087 0.6362283248966211
1.767070460458348 0.6281682764245388
1.7670804684486094 0.6543875076509541
1.7670904764388704 0.6540726657840121
1.7671004844291314 0.6675057328871461
1.7671104924193923 0.6373118592358782
1.7671205004096533 0.6257040989155286
1.7671305083999145 0.6347504245181519
1.7671405163901757 0.6466138460571563
1.7671505243804366 0.6057689376379876
1.7671605323706976 0.6192485523700383
1.767170523282477 0.6339602091313016
1.7671805312727382 0.6403022088322106
1.7671905392629992 0.6231563143196471
1.7672005472532601 0.635417249023249
1.767210555243521 0.6567438279551575
1.7672205632337823 0.6345925949219845
1.7672305712240433 0.6112248462940107
1.7672405792143044 0.608006188924724
1.7672505872045654 0.6102151699471426
1.7672605951948266 0.6507287577548782
1.7672706031850876 0.6305811729192622
1.7672806111753485 0.6115190631017086
1.7672906191656095 0.6523700281109405
1.7673006271558704 0.6062978106580141
1.7673106351461318 0.6192485523700383
1.767320626057911 0.6181501799386604
1.767330634048172 0.6553238891532827
1.767340642038433 0.61967931561554
1.7673506500286944 0.6203917301286558
1.7673606580189554 0.6171134329848055
1.7673706660092163 0.5938120413577361
1.7673806739994773 0.5648264163180761
1.7673906819897383 0.5766814742075502
1.7674006899799994 0.588984681953439
1.7674106979702606 0.5652661770025652
1.7674207059605216 0.5710274686394817
1.7674307139507826 0.5945371541806148
1.7674407219410437 0.5702732493895459
1.7674507299313047 0.5745184763032923
1.7674607379215657 0.5569022852218278
1.7674707459118268 0.540068689780823
1.767480736823606 0.5243219026484842
1.7674907448138673 0.5237981979909581
1.7675007528041282 0.4907801624095633
1.7675107607943894 0.5023344927817313
1.7675207687846504 0.4777360341422769
1.7675307767749115 0.46714101496245836
1.7675407847651725 0.46327087739513534
1.7675507927554335 0.447921594004705
1.7675608007456944 0.43775488382355093
1.7675708087359558 0.4349396493438351
1.7675808167262168 0.4129001113554146
1.7675908247164778 0.4009950392937128
1.7676008327067387 0.3841784499875848
1.7676108406969997 0.38507648597839406
1.7676208486872609 0.36558805717021325
1.7676308395990403 0.34268176887380897
1.7676408475893013 0.33657743777563043
1.7676508555795623 0.3238590219646266
1.7676608635698234 0.31444522199757474
1.7676708715600846 0.2887686217213701
1.7676808795503456 0.26903451492372554
1.7676908875406065 0.2574802961640739
1.7677008955308675 0.24804072952384512
1.7677109035211287 0.23398391323374576
1.7677209115113897 0.21069488866243183
1.7677309195016508 0.20281496644785735
1.7677409274919118 0.19016299116487095
1.767750935482173 0.1778492344048789
1.767760943472434 0.17185611901484885
1.767770951462695 0.15195710114031732
1.7677809594529559 0.13792150896030866
1.7677909674432168 0.12619408528242018
1.7678009583549965 0.115533252552579
1.7678109663452575 0.1105757770568021
1.7678209743355184 0.10073490936029357
1.7678309823257794 0.09499702394976388
1.7678409903160408 0.08503074809734801
1.7678509983063018 0.07880086776119385
1.7678610062965627 0.07290629020994784
1.7678710142868237 0.06293684962194226
1.7678810222770847 0.05710419320553565
1.7678910302673458 0.05727182204867906
1.767901038257607 0.04992809546887958
1.767911046247868 0.04451280884750912
1.767921054238129 0.04149053166787733
1.7679310622283901 0.03904010706309746
1.767941070218651 0.03563460917460443
1.7679510611304305 0.03106382994110892
1.7679610691206915 0.028593149829716807
1.7679710771109525 0.026783726403143734
1.7679810851012137 0.024242756536251547
1.7679910930914746 0.023215497773643783
1.7680011010817358 0.020406898293796234
1.7680111090719968 0.018145586082589215
1.768021117062258 0.017172558321367642
1.768031125052519 0.01607107766993363
1.7680411330427799 0.014730720862643524
1.7680511410330408 0.01315618585343588
1.768061149023302 0.01235307277604731
1.7680711570135632 0.01125700865504246
1.7680811650038242 0.010172788142098588
1.7680911729940851 0.009386917479611727
1.768101180984346 0.008801931816286076
1.7681111889746073 0.008195585775455188
1.7681211969648685 0.0074229237602273755
1.7681311878766477 0.0069456996601523924
1.7681411958669087 0.006040098207729729
1.7681512038571696 0.005821635362944422
1.768161211847431 0.005515488710751553
1.768171219837692 0.004999205621333099
1.768181227827953 0.004530529890085824
1.768191235818214 0.004200635516267307
1.768201243808475 0.003929515443990552
1.768211251798736 0.003625208586735548
1.768221259788997 0.0036356075780992394
1.7682312677792582 0.0030828401040448442
1.7682412757695192 0.0029217698281764786
1.7682512837597804 0.002712895092854704
1.7682612917500413 0.002497347628770667
1.7682712997403023 0.002346080987343429
1.7682812906520817 0.00221578694877172
1.768291298642343 0.002024696816474208
1.7683013066326039 0.0018586216855781645
1.7683113146228648 0.0017471773863332182
1.7683213226131258 0.0015779128030000832
1.768331330603387 0.001466590947517439
1.7683413385936482 0.001451894299164296
1.7683513465839091 0.00135187021629872
1.76836135457417 0.0012710715554120238
1.768371362564431 0.0012571699743891753
1.7683813705546922 0.0010999678709473716
1.7683913785449534 0.0010781172627668397
1.7684013865352144 0.0009695696220682275
1.7684113945254754 0.0008875442198701295
1.7684214025157365 0.0008736067882427773
1.7684314105059975 0.000837143674435153
1.768441401417777 0.0007566569055995764
1.768451409408038 0.0006893090810730971
1.7684614173982989 0.0006513073811745677
1.76847142538856 0.0006181416399373169
1.768481433378821 0.0006008333075014566
1.7684914413690822 0.0005681996998865594
1.7685014493593432 0.0005321768762651566
1.7685114573496044 0.0004918990683359598
1.7685214653398653 0.0004722185028975979
1.7685314733301263 0.00043272003145155516
1.7685414813203872 0.0004206510719783806
1.7685514893106484 0.000363601779473535
1.7685614973009096 0.0003505169305869617
1.7685715052911706 0.0003247940016350435
1.7685815132814315 0.0002913754786795576
1.768591504193211 0.00028416265379920295
1.768601512183472 0.00024010765154381313
1.7686115201737331 0.00024207837756437818
1.768621528163994 0.0002221902512224001
1.768631536154255 0.0002072449706307304
1.768641544144516 0.0001907958833302838
1.7686515521347774 0.00016828019244351816
1.7686615601250384 0.0001768446801987814
1.7686715681152994 0.00016129726372355718
1.7686815761055603 0.00014065818203915555
1.7686915840958215 0.00012757541800894408
1.7687015920860825 0.000132095188820224
1.7687116000763434 0.00013286451299767354
1.7687216080666046 0.00011472339749504628
1.7687316160568656 0.00010606155740557973
1.7687416240471268 0.00010653173497612869
1.768751614958906 9.532504083779506e-05
1.7687616229491672 9.139027833487524e-05
1.7687716309394281 8.357588805770212e-05
1.7687816389296893 8.234097401872309e-05
1.7687916469199503 8.259371485265798e-05
1.7688016549102112 7.371654971904211e-05
1.7688116629004722 6.45724106484451e-05
1.7688216708907334 6.0961830628938286e-05
1.7688316788809946 5.9958257093659754e-05
1.7688416868712555 5.487341639208361e-05
1.7688516948615165 5.507569674779579e-05
1.7688617028517775 5.7019578159346784e-05
1.7688717108420386 5.223384548291706e-05
1.7688817188322998 4.235746883737328e-05
1.7688917268225608 4.158723054751904e-05
1.7689017348128218 4.697166988325738e-05
1.768911725724601 4.588788064000029e-05
1.7689217337148624 4.426230230301831e-05
1.7689317417051234 3.6272041527319155e-05
1.7689417496953843 4.4482890503719035e-05
1.7689517576856453 3.483501484933545e-05
1.7689617656759065 4.2067528729753816e-05
1.7689717736661674 3.896628476324027e-05
1.7689817816564286 3.72746007155535e-05
1.7689917896466896 3.764488718710838e-05
1.7690017976369505 3.6038690326416686e-05
1.7690118056272117 3.603910523956083e-05
1.7690218136174727 3.295004408591213e-05
1.7690318216077336 3.535582698526988e-05
1.7690418295979948 3.814837121279123e-05
1.769051837588256 3.736018344287104e-05
1.769061845578517 3.0008341948063335e-05
1.769071853568778 3.016004602897879e-05
1.7690818444805572 3.008264370457822e-05
1.7690918524708183 2.9201690924012916e-05
1.7691018604610795 2.553883016305518e-05
1.7691118684513405 2.9301577367643688e-05
1.7691218764416015 2.6938412571006186e-05
1.7691318844318624 2.978530146035836e-05
1.7691418924221238 2.921258573514148e-05
1.7691519004123848 2.0409106878433127e-05
1.7691619084026458 2.9077093970599395e-05
1.7691719163929067 2.815639181039205e-05
1.7691819243831677 2.648426958854466e-05
1.7691919323734289 2.1980218230513643e-05
1.7692019403636898 2.445631390109793e-05
1.769211948353951 2.299450155821776e-05
1.7692219392657302 2.4500277308958717e-05
1.7692319472559914 2.433380368366796e-05
1.7692419552462524 2.0989688817499582e-05
1.7692519632365136 2.102974468033826e-05
1.7692619712267745 2.1672998453441834e-05
1.7692719792170355 2.1400898142915883e-05
1.7692819872072967 2.0892768878141527e-05
1.7692919951975576 2.2559060034756326e-05
1.7693020031878186 2.2250716482066136e-05
1.7693120111780798 2.4892527752937626e-05
1.769322019168341 2.5560597406072103e-05
1.769332027158602 2.1865026095322173e-05
1.769342035148863 2.0991718798528493e-05
1.7693520431391239 2.1813632892385742e-05
1.769362051129385 2.5581264019546695e-05
1.7693720591196462 2.4752610046615098e-05
1.7693820671099072 2.2747778982818152e-05
1.7693920751001682 2.3104150240131562e-05
1.7694020660119474 2.0925652067785232e-05
1.7694120740022088 2.3225014831161654e-05
1.7694220819924698 2.2480657031430634e-05
1.7694320899827307 2.5871523271895937e-05
1.7694420979729917 2.4491309128977966e-05
1.7694521059632529 2.3397313812444092e-05
1.7694621139535138 2.2660578879012393e-05
1.769472121943775 2.4127426428153806e-05
1.769482129934036 2.1002693761176362e-05
1.769492137924297 2.5300785226517826e-05
1.7695021459145581 2.2905459053841088e-05
1.769512153904819 2.2744374622295517e-05
1.76952216189508 2.140208083293148e-05
1.769532169885341 2.4709673106723076e-05
1.7695421607971205 2.515231712165013e-05
1.7695521687873816 2.154284218621026e-05
1.7695621767776426 2.0149069737690045e-05
1.7695721847679036 2.019026410945317e-05
1.7695821927581648 2.0289016717972006e-05
1.769592200748426 1.8978024370674455e-05
1.769602208738687 1.8904752675170827e-05
1.7696122167289479 1.9489513574832258e-05
1.7696222247192088 1.9526976337937962e-05
1.7696322327094702 2.0017968430187278e-05
1.7696422406997312 2.1571284167223363e-05
1.7696522486899922 2.049670261419353e-05
1.7696622566802531 2.3395536027889768e-05
1.769672264670514 1.991186779002341e-05
1.7696822726607753 1.9819331418949733e-05
1.7696922806510362 2.2695512801268285e-05
1.7697022886412974 2.064172557737043e-05
1.7697122966315584 1.9665138071740546e-05
1.7697222875433378 2.070589464886438e-05
1.7697322955335988 2.6512763632518005e-05
1.76974230352386 1.9873346284483958e-05
1.769752311514121 2.070966148111949e-05
1.769762319504382 1.9157992548309845e-05
1.769772327494643 2.175479524044546e-05
1.769782335484904 2.0535297548787088e-05
1.769792343475165 2.1545620202039263e-05
1.7698023514654262 1.820262407390939e-05
1.7698123594556874 1.9995625766422055e-05
1.7698223674459483 2.1280018442108107e-05
1.7698323754362093 1.9158786597110007e-05
1.7698423834264703 2.3667369983344884e-05
1.7698523914167312 1.8755342525396324e-05
1.769862382328511 2.10636679555511e-05
1.7698723903187719 2.0093195046478167e-05
1.7698823983090328 1.9013102959892127e-05
1.7698924062992938 2.1628529836793448e-05
1.7699024142895552 2.5187496318090506e-05
1.7699124222798162 2.219560564553237e-05
1.7699224302700771 2.236346015408552e-05
1.769932438260338 1.9473858050145718e-05
1.769942446250599 2.071557535931429e-05
1.7699524542408602 2.2548933198129165e-05
1.7699624622311214 1.95428095622328e-05
1.7699724702213824 2.1773287141795838e-05
1.7699824782116433 1.9452884132288648e-05
1.7699924862019045 2.2818074828392164e-05
1.7700024941921655 2.0385952126567966e-05
1.7700125021824265 2.2339734120847233e-05
1.7700225101726874 2.212462915782918e-05
1.7700325181629486 1.8963391012374132e-05
1.7700425261532098 2.109657723902976e-05
1.770052517064989 1.9973124079865635e-05
1.77006252505525 2.4294222238166507e-05
1.7700725330455112 2.106070960915906e-05
1.7700825410357723 2.082514337120409e-05
1.7700925490260333 1.9665047510641508e-05
1.7701025570162943 1.8909106156534306e-05
1.7701125650065552 2.2622364728053038e-05
1.7701225729968162 1.7517373904893353e-05
1.7701325809870776 1.8228964534832757e-05
1.7701425889773386 2.0940594159292458e-05
1.7701525969675995 2.233762521570588e-05
1.7701626049578605 2.0697362209262358e-05
1.7701726129481217 2.1171810590246476e-05
1.7701826209383826 2.0066286099320342e-05
1.770192611850162 1.843384791060217e-05
1.770202619840423 1.9535341158636855e-05
1.770212627830684 2.0081446844308218e-05
1.7702226358209452 2.1694168049076475e-05
1.7702326438112064 1.9608844385416374e-05
1.7702426518014673 2.1263610088508246e-05
1.7702526597917283 1.9308787366256465e-05
1.7702626677819895 1.9887857522333298e-05
1.7702726757722504 2.4765437242049324e-05
1.7702826837625114 1.9491443349692662e-05
1.7702926917527726 1.82032108666391e-05
1.7703026997430338 2.1059448800924128e-05
1.7703127077332947 2.1848921282676624e-05
1.7703227157235557 1.9443927810512426e-05
1.7703327237138167 2.111747554878536e-05
1.7703427317040776 1.987613784485251e-05
1.7703527226158573 2.1328189953099653e-05
1.7703627306061183 2.1624894630602403e-05
1.7703727385963792 2.0659984911134966e-05
1.7703827465866402 1.955802513831359e-05
1.7703927545769012 2.021422055839811e-05
1.7704027625671626 2.0870074530216493e-05
1.7704127705574235 1.884356195934748e-05
1.7704227785476845 2.111762142364237e-05
1.7704327865379454 1.8261649373359755e-05
1.7704427945282066 2.389719899417822e-05
1.7704528025184678 2.1789085347050825e-05
1.7704628105087288 2.0386609302612963e-05
1.7704728184989897 2.0078950080566723e-05
1.770482826489251 1.908833287907354e-05
1.7704928174010304 1.990091294860493e-05
1.7705028253912913 1.9246554774099057e-05
1.7705128333815523 2.2116377794593067e-05
1.7705228413718133 1.970910939276204e-05
1.7705328493620744 1.928994547198266e-05
1.7705428573523354 2.0153848984010028e-05
1.7705528653425964 2.3414667771575127e-05
1.7705628733328576 2.0583489395203588e-05
1.7705728813231187 1.9244427683803107e-05
1.7705828893133797 1.780409897871652e-05
1.7705928973036407 2.0871035654797146e-05
1.7706029052939016 2.2465029850500455e-05
1.7706129132841626 2.3532333793891407e-05
1.770622921274424 2.096022788022669e-05
1.770632929264685 1.9500511361189236e-05
1.770642937254946 2.1163914579954132e-05
1.7706529452452069 2.391861343825674e-05
1.770662953235468 2.1841275652645505e-05
1.770672961225729 2.0613559918448423e-05
1.7706829521375085 1.908543223377686e-05
1.7706929601277694 1.8848422143360862e-05
1.7707029681180304 1.9115602896475303e-05
1.7707129761082916 1.9092508824311735e-05
1.7707229840985528 2.263726735155666e-05
1.7707329920888137 2.079146061971123e-05
1.7707430000790747 1.8510280500471138e-05
1.7707530080693359 2.3984739172859056e-05
1.7707630160595969 2.055412531408953e-05
1.7707730240498578 1.826732687095502e-05
1.770783032040119 1.9203173244929665e-05
1.77079304003038 2.080760045507977e-05
1.7708030480206411 1.948103380632755e-05
1.770813056010902 1.928177452269752e-05
1.7708230469226816 1.961728944656595e-05
1.7708330549129425 1.7157776249673066e-05
1.7708430629032037 2.2134616404207328e-05
1.7708530708934647 2.049641944373828e-05
1.7708630788837256 1.8357139152146458e-05
1.7708730868739866 1.9511829844519836e-05
1.7708830948642476 2.313838270737751e-05
1.770893102854509 1.866379690834673e-05
1.77090311084477 1.865382937542526e-05
1.7709131188350309 1.9311766424483837e-05
1.7709231268252918 1.914538040985704e-05
1.770933134815553 1.795977948584209e-05
1.7709431428058142 1.916143366414379e-05
1.7709531507960752 2.2249435664729424e-05
1.7709631587863361 1.862237209202891e-05
1.770973166776597 1.869928496375547e-05
1.7709831747668583 1.99222323085636e-05
1.7709931827571193 2.4941352479333275e-05
1.7710031736688987 2.077868216150427e-05
1.7710131816591597 2.0836846864770996e-05
1.7710231896494208 2.2045045523964542e-05
1.7710331976396818 1.884742396758786e-05
1.7710432056299428 1.8607798734592908e-05
1.771053213620204 1.765224717452559e-05
1.771063221610465 1.8777899051625512e-05
1.771073229600726 1.9374700599290897e-05
1.771083237590987 1.871858431551925e-05
1.771093245581248 1.8773835146662436e-05
1.771103253571509 2.5335063666426142e-05
1.7711132615617704 1.8766487764782848e-05
1.7711232695520314 1.9191238381332292e-05
1.7711332775422923 1.8929363018201357e-05
1.7711432684540716 1.9592641862303564e-05
1.7711532764443327 1.7419552740791096e-05
1.771163284434594 1.8742002867951263e-05
1.7711732924248549 1.8495496748250815e-05
1.7711833004151158 1.672018198285098e-05
1.7711933084053768 2.1355266720653188e-05
1.771203316395638 1.8719317049124704e-05
1.7712133243858992 1.901774413073303e-05
1.7712233323761601 1.9355259572613976e-05
