1.6728219371015665 2.6357669011735433e-05
1.672826941096697 2.6691193883941168e-05
1.6728319450918274 2.5729716440068225e-05
1.672836949086958 2.4327921176177854e-05
1.6728419530820884 2.4934576708683178e-05
1.6728469570772193 2.56076661955567e-05
1.6728519610723498 2.6775340350220528e-05
1.6728569650674803 2.657498328285522e-05
1.6728619690626108 2.3499358132349385e-05
1.6728669730577412 2.8048071122034335e-05
1.6728719770528717 2.5904487229684842e-05
1.6728769810480022 2.3060514895488296e-05
1.6728819850431327 2.723133920793082e-05
1.6728869890382632 2.7076030834180295e-05
1.6728919930333939 2.8365993562596546e-05
1.6728969970285243 2.6476525970713488e-05
1.672902001023655 2.7319704654395984e-05
1.6729069879403038 2.999314451027794e-05
1.6729119919354343 2.8378144775666653e-05
1.6729169959305648 2.9412639500919276e-05
1.6729219999256952 2.995918536001158e-05
1.6729270039208257 2.8449654724165726e-05
1.6729320079159562 3.3106174511108395e-05
1.672937011911087 2.9717002445044984e-05
1.6729420159062176 2.987555624194566e-05
1.672947019901348 2.970058475939578e-05
1.6729520238964786 3.1634574691709974e-05
1.672957027891609 3.15910455697454e-05
1.6729620318867395 2.6267152772768402e-05
1.67296703588187 2.9978645044954235e-05
1.6729720398770005 2.900881577572545e-05
1.672977043872131 2.9555546899626857e-05
1.6729820478672617 3.0313982809830033e-05
1.6729870518623922 2.847849274051823e-05
1.6729920558575226 3.141897408218919e-05
1.6729970598526531 2.9960151145608644e-05
1.6730020638477836 3.0912490791663933e-05
1.6730070678429143 3.691458581819985e-05
1.6730120718380448 3.1429900055572106e-05
1.6730170758331753 2.9480374756318746e-05
1.6730220798283058 3.0344920218467845e-05
1.6730270838234365 3.16006488504072e-05
1.673032087818567 3.094924079779484e-05
1.6730370918136974 3.3233493756265615e-05
1.673042095808828 3.728653270857821e-05
1.6730470998039584 3.682120525478229e-05
1.6730521037990889 3.685929293735702e-05
1.6730571077942193 3.273693378644906e-05
1.6730621117893498 3.5481338923357534e-05
1.6730670987059988 3.519808210379677e-05
1.6730721027011295 3.583653405060479e-05
1.67307710669626 3.5539556179268175e-05
1.6730821106913905 3.6001367697922406e-05
1.673087114686521 3.658550044259284e-05
1.6730921186816514 3.442563818607205e-05
1.673097122676782 3.919891082974783e-05
1.6731021266719124 3.8369045900639156e-05
1.6731071306670429 4.0517906694277986e-05
1.6731121346621736 3.568436722413766e-05
1.6731171386573043 3.383506382074817e-05
1.6731221426524348 4.007707340285611e-05
1.6731271466475652 3.809517737212431e-05
1.6731321506426957 3.848770365887275e-05
1.6731371546378262 3.7848441404882285e-05
1.6731421586329567 3.976317000583533e-05
1.6731471626280872 4.1370998230005185e-05
1.6731521666232176 3.9573275634185786e-05
1.6731571706183481 4.061308686344013e-05
1.6731621746134788 4.402922083332184e-05
1.6731671786086095 4.260867213764051e-05
1.67317218260374 4.3494665979920226e-05
1.6731771865988705 4.273945698026895e-05
1.673182190594001 4.140130208075578e-05
1.6731871945891315 3.9911954883074105e-05
1.673192198584262 4.055710993741176e-05
1.6731972025793924 4.043281698374981e-05
1.673202206574523 4.404716893239104e-05
1.6732072105696536 4.2615442271877654e-05
1.673212214564784 4.5105655644731895e-05
1.6732172185599146 4.457650347849502e-05
1.673222222555045 4.560799705995592e-05
1.673227209471694 4.249951754867324e-05
1.6732322134668245 4.117105539353471e-05
1.673237217461955 4.4704063363176886e-05
1.6732422214570855 5.024906672223021e-05
1.673247225452216 4.248268917532925e-05
1.6732522294473466 4.810818805949384e-05
1.6732572334424771 4.82943138353602e-05
1.6732622374376076 4.712767339680193e-05
1.673267241432738 4.516895051541698e-05
1.6732722454278688 4.370337734217187e-05
1.6732772494229993 4.4023341126350185e-05
1.6732822534181298 4.6093851677840435e-05
1.6732872574132602 4.429931390015995e-05
1.6732922614083907 5.01444647564025e-05
1.6732972654035214 4.641752713855699e-05
1.673302269398652 5.0206506143932254e-05
1.6733072733937824 4.553569819883898e-05
1.6733122773889129 4.83621945739987e-05
1.6733172813840433 4.3465231794091955e-05
1.6733222853791738 4.6031698500143095e-05
1.6733272893743043 5.146275121314131e-05
1.6733322933694348 4.496007220189012e-05
1.6733372973645655 4.342071793787332e-05
1.6733423013596962 4.2188297512462335e-05
1.6733473053548267 4.817935704191684e-05
1.6733523093499572 4.708645555014772e-05
1.6733573133450876 5.0989881186237655e-05
1.6733623173402181 4.72264172683881e-05
1.6733673213353486 4.979938735625609e-05
1.673372325330479 4.791770395042677e-05
1.6733773293256096 5.2792350653163466e-05
1.67338233332074 5.009622490212321e-05
1.6733873202373892 5.2090556840193677e-05
1.6733923242325197 4.9370440254325525e-05
1.6733973282276502 4.970945480693156e-05
1.6734023322227807 5.144391358084194e-05
1.6734073362179112 5.0119877402266475e-05
1.6734123402130416 5.554410842310336e-05
1.6734173442081721 5.605108192844352e-05
1.6734223482033026 5.654666548598008e-05
1.673427352198433 5.15508701107608e-05
1.6734323561935638 5.629968954300681e-05
1.6734373601886945 5.5135713618977394e-05
1.673442364183825 5.384086145586344e-05
1.6734473681789555 4.8698322339718563e-05
1.673452372174086 5.3508034695365704e-05
1.6734573761692164 5.368920831079935e-05
1.673462380164347 4.898713042067774e-05
1.6734673841594774 5.356486318772061e-05
1.6734723881546079 4.840241154917878e-05
1.6734773921497386 5.617382539386481e-05
1.673482396144869 5.162915296374737e-05
1.6734874001399995 5.4306148142763395e-05
1.67349240413513 5.5273886192360635e-05
1.6734974081302607 5.7977168315739876e-05
1.6735024121253912 5.251809929929731e-05
1.6735074161205217 4.781531266728661e-05
1.6735124201156522 5.586000882800109e-05
1.6735174241107826 5.1195524886678304e-05
1.6735224281059133 4.9492683277187786e-05
1.6735274321010438 5.21783089601041e-05
1.6735324360961743 5.0864760039125385e-05
1.6735374400913048 5.756373961216326e-05
1.6735424440864353 4.977806380000144e-05
1.6735474480815657 5.235498023826515e-05
1.6735524349982147 4.729301480216426e-05
1.6735574389933452 5.0463224776013884e-05
1.6735624429884757 4.785452391833484e-05
1.6735674469836064 4.5463723315264924e-05
1.6735724509787369 4.664703025930792e-05
1.6735774549738673 4.635077499083218e-05
1.6735824589689978 4.7770523435477815e-05
1.6735874629641283 5.1161586109978355e-05
1.6735924669592588 4.859001129309559e-05
1.6735974709543893 5.039982169536879e-05
1.67360247494952 4.829186745844718e-05
1.6736074789446505 5.040457996497291e-05
1.6736124829397812 4.7494246286950804e-05
1.6736174869349116 5.265444021322428e-05
1.6736224909300421 4.5449174554892965e-05
1.6736274949251726 4.528631676489171e-05
1.673632498920303 4.2619956292310347e-05
1.6736375029154336 4.451485878531232e-05
1.673642506910564 4.869753742182695e-05
1.6736475109056945 4.935214122440645e-05
1.673652514900825 4.506745149659596e-05
1.6736575188959557 4.28252591788921e-05
1.6736625228910864 4.203257533167594e-05
1.673667526886217 4.263340305553268e-05
1.6736725308813474 4.5487073862151794e-05
1.6736775348764779 4.492240511056168e-05
1.6736825388716083 4.6178412620795744e-05
1.6736875428667388 4.2529864592491424e-05
1.6736925468618693 4.666035084667504e-05
1.673697550857 4.3627567587867766e-05
1.6737025548521305 4.076599060003761e-05
1.673707558847261 4.338444039814567e-05
1.67371254576391 3.9127400886009996e-05
1.6737175497590404 3.842483400262248e-05
1.673722553754171 4.100718901185816e-05
1.6737275577493014 3.998360975178268e-05
1.6737325617444319 3.329461520522068e-05
1.6737375657395623 3.71719205300867e-05
1.6737425697346928 3.291773919303849e-05
1.6737475737298235 3.708446346021485e-05
1.673752577724954 3.554757670368562e-05
1.6737575817200845 3.154292766365921e-05
1.6737625857152152 3.348759818798553e-05
1.6737675897103457 3.139944704021259e-05
1.6737725937054762 3.0827194318782976e-05
1.6737775977006066 3.3847687289396385e-05
1.6737826016957371 3.0350790014028404e-05
1.6737876056908678 3.3509195401785315e-05
1.6737926096859983 3.0085968744977094e-05
1.6737976136811288 2.730058793870858e-05
1.6738026176762593 2.6016747378863207e-05
1.6738076216713897 2.8218180036058876e-05
1.6738126256665202 2.8490101731078907e-05
1.6738176296616507 2.3694633741271077e-05
1.6738226336567812 2.2777811784076503e-05
1.673827637651912 2.4130759985568063e-05
1.6738326416470426 2.3904793696863573e-05
1.673837645642173 2.4253979156047932e-05
1.6738426496373036 2.265045862478878e-05
1.673847653632434 1.9727270515577914e-05
1.6738526576275645 2.1163281077150816e-05
1.673857661622695 2.0502933354085068e-05
1.6738626656178255 1.7884837560004557e-05
1.673867669612956 1.7300473915049535e-05
1.673872656529605 1.5986448759822555e-05
1.6738776605247356 1.724368179361588e-05
1.6738826645198661 2.1001823290403192e-05
1.6738876685149966 1.4741612802410216e-05
1.673892672510127 1.5777275166761435e-05
1.6738976765052576 1.705622828123789e-05
1.673902680500388 1.7092594906677236e-05
1.6739076844955185 1.63912471988698e-05
1.673912688490649 1.5824973812123556e-05
1.6739176924857795 1.4740187230992606e-05
1.6739226964809102 1.633228688788097e-05
1.673927700476041 1.9022605439079315e-05
1.6739327044711714 1.8128588873619433e-05
1.6739377084663019 1.830395755374645e-05
1.6739427124614323 2.062704423801854e-05
1.6739477164565628 1.9234194349222007e-05
1.6739527204516933 2.1064735002109957e-05
1.6739577244468238 2.2651449584024615e-05
1.6739627284419543 2.4445841973370725e-05
1.673967732437085 2.4604752454118138e-05
1.6739727364322154 2.5020731357669038e-05
1.673977740427346 3.2252917077054496e-05
1.6739827444224764 3.155149920052467e-05
1.6739877484176071 3.606899154302194e-05
1.6739927524127376 3.91352398639456e-05
1.673997756407868 4.407050225199703e-05
1.6740027604029986 4.3761681400387154e-05
1.674007764398129 5.029479009929545e-05
1.6740127683932597 6.1004377519481226e-05
1.6740177723883902 6.135331031023471e-05
1.6740227763835207 8.3462233016671e-05
1.6740277803786512 7.740481909944338e-05
1.6740327672953002 8.75921123886275e-05
1.6740377712904306 0.00010235427819972209
1.6740427752855611 0.00011301419606710732
1.6740477792806916 0.00012790808592401466
1.674052783275822 0.0001431591133692742
1.6740577872709528 0.00014843830959842557
1.6740627912660833 0.00016953251313175273
1.6740677952612137 0.0001982234360383296
1.6740727992563442 0.00020630226683641774
1.6740778032514747 0.00022491685387928962
1.6740828072466052 0.00023838723698662648
1.6740878112417357 0.00024292376304338307
1.6740928152368664 0.00028265260995569206
1.6740978192319969 0.0003025415307924914
1.6741028232271276 0.00029972847221651733
1.674107827222258 0.0003217851514416515
1.6741128312173885 0.0003504055691626487
1.674117835212519 0.00039070142929656734
1.6741228392076495 0.0004030231563938074
1.67412784320278 0.00045862212259532885
1.6741328471979104 0.0004638835798391666
1.674137851193041 0.0004980064871282681
1.6741428551881714 0.0005509649857762742
1.6741478591833021 0.0005513368238163801
1.6741528631784328 0.0006409099293805378
1.6741578671735633 0.0006715216206580384
1.6741628711686938 0.0006973358615035098
1.6741678751638243 0.0007558506658608267
1.6741728791589547 0.0008199625171784093
1.6741778831540852 0.0008750260854669141
1.6741828871492157 0.0009069137783574963
1.6741878911443462 0.0009939945426789408
1.6741928951394769 0.0010757020592266813
1.6741978820561259 0.0011167835287731517
1.6742028860512563 0.0012019239799428373
1.6742078900463868 0.001257592677599821
1.6742128940415173 0.001345033186566312
1.6742178980366478 0.0014598660199985857
1.6742229020317783 0.001549576423298974
1.6742279060269087 0.0016096816751113641
1.6742329100220392 0.0017893693744453036
1.67423791401717 0.001847030215049363
1.6742429180123004 0.0019068959659674144
1.6742479220074309 0.00203892382186517
1.6742529260025616 0.002259144446588814
1.674257929997692 0.0023116708680189298
1.6742629339928226 0.002711215258435157
1.674267937987953 0.0028018572182152033
1.6742729419830835 0.0028413909966259203
1.674277945978214 0.003128542074470717
1.6742829499733447 0.0031923830775633486
1.6742879539684752 0.003613000319724859
1.6742929579636057 0.003628975197559581
1.6742979619587361 0.003946453590902468
1.6743029659538666 0.004124022252551528
1.674307969948997 0.004461305872348303
1.6743129739441276 0.004521765125569598
1.6743179779392583 0.004942594709814259
1.6743229819343888 0.005320065753464539
1.6743279859295195 0.005451989364989935
1.67433298992465 0.005699805026569541
1.6743379939197804 0.0059594200805939855
1.674342997914911 0.006370096331733188
1.6743480019100414 0.006537865773548604
1.6743530059051719 0.007041383528224228
1.6743579928218209 0.007567649338589665
1.6743629968169513 0.00816522205562555
1.6743680008120818 0.00829220442359798
1.6743730048072125 0.009192401818785903
1.674378008802343 0.009424362879146733
1.6743830127974735 0.01014999901258318
1.674388016792604 0.011088658280114877
1.6743930207877344 0.01115108175782619
1.674398024782865 0.01163129310629072
1.6744030287779954 0.012274477100375231
1.6744080327731259 0.013734884130500226
1.6744130367682564 0.013833879868315094
1.6744180407633873 0.015245230673446816
1.6744230447585178 0.01625874426266317
1.6744280487536483 0.017098342017165518
1.6744330527487787 0.017214721457370803
1.6744380567439092 0.017676732913458264
1.6744430607390397 0.018873480641237346
1.6744480647341702 0.019389204892140317
1.6744530687293007 0.0219261307718587
1.6744580727244311 0.022065359114561856
1.6744630767195618 0.023455462452348294
1.6744680807146923 0.024832188711557728
1.6744730847098228 0.026454344206473482
1.6744780887049535 0.028336029762262918
1.674483092700084 0.027636815547719573
1.6744880966952145 0.0308725142671576
1.674493100690345 0.0308696709344545
1.6744981046854754 0.032780607667264525
1.674503108680606 0.03439283688682719
1.6745081126757366 0.03798280203619507
1.674513116670867 0.03960253623443711
1.674518103587516 0.041653931644240055
1.6745231075826466 0.041515282736782705
1.674528111577777 0.045132771150069854
1.6745331155729075 0.047825552954510415
1.674538119568038 0.050700471713920996
1.6745431235631685 0.05300831508240654
1.674548127558299 0.05584033306323243
1.6745531315534297 0.058275096317733116
1.6745581355485601 0.06118373707930794
1.6745631395436906 0.06178755356948009
1.674568143538821 0.06559232118300984
1.6745731475339516 0.06904687061541126
1.674578151529082 0.07525701700389166
1.6745831555242128 0.07939003620501618
1.6745881595193433 0.07775583687835036
1.6745931635144737 0.08463500028434097
1.6745981675096044 0.08902192885719833
1.674603171504735 0.09200257866482331
1.6746081754998654 0.09628264226016534
1.6746131794949959 0.09735718317324152
1.6746181834901264 0.10037995577353168
1.6746231874852568 0.10877698069374893
1.6746281914803873 0.11330498039948717
1.6746331954755178 0.11569910514816405
1.6746381994706485 0.121465236471156
1.6746432034657792 0.1309935765646923
1.6746482074609097 0.14233804613499104
1.6746532114560402 0.14107660504851122
1.6746582154511707 0.14684764969279682
1.6746632194463011 0.1535005726509253
1.6746682234414316 0.15455248772681873
1.674673227436562 0.1663408820225407
1.6746782143532108 0.17811274628600038
1.6746832183483413 0.17677546975836558
1.6746882223434723 0.18421627657965994
1.6746932263386027 0.19252405484765286
1.6746982303337332 0.18616455647773938
1.6747032343288637 0.20652755327622152
1.6747082383239942 0.20475617122587392
1.6747132423191247 0.22669085474779554
1.6747182463142551 0.22507486586723827
1.6747232503093856 0.2347864341667043
1.6747282543045163 0.24044624545710336
1.6747332582996468 0.2499821506107346
1.6747382622947773 0.2527743486672564
1.6747432662899078 0.2628306444938759
1.6747482702850385 0.279722885767376
1.674753274280169 0.31067549573599773
1.6747582782752994 0.29868677932825904
1.67476328227043 0.30640157967342296
1.6747682862655604 0.31222954775013023
1.674773290260691 0.31391422776950956
1.6747782942558216 0.3247267006843818
1.674783298250952 0.3337520946178837
1.6747883022460825 0.3330036547807348
1.674793306241213 0.35208133314457174
1.6747983102363435 0.3484873356016479
1.674803314231474 0.37661793690801565
1.6748083182266047 0.3773045130883955
1.6748133222217352 0.3813063168471805
1.6748183262168659 0.39074011501303146
1.6748233302119964 0.39473714891981315
1.6748283342071268 0.4066427184412511
1.6748333382022573 0.41093582093303793
1.6748383421973878 0.4273847287923366
1.6748433291140365 0.4142924320119184
1.6748483331091673 0.4338444039814567
1.6748533371042977 0.43400027030416466
1.6748583410994282 0.4472074192909584
1.674863345094559 0.47148512974833434
1.6748683490896894 0.466143894227246
1.6748733530848199 0.4930557183308935
1.6748783570799504 0.4730466813008371
1.6748833610750808 0.4709285279834623
1.6748883650702113 0.49084684066073253
1.6748933690653418 0.5052787105169837
1.6748983730604723 0.5261686881205303
1.6749033770556028 0.49920853281812433
1.6749083810507337 0.5145528642066785
1.6749133850458642 0.524122736678598
1.6749183890409947 0.5207304811418644
1.6749233930361251 0.5185026734556816
1.6749283970312556 0.5285596424292275
1.674933401026386 0.5483514547881667
1.6749384050215166 0.5638570307058566
1.674943409016647 0.5588561055539445
1.6749484130117775 0.5593491725990267
1.6749534170069083 0.559659654462877
1.6749584210020387 0.536522574648451
1.6749634249971692 0.5795087529895963
1.6749684289922997 0.5430189679525632
1.6749734329874304 0.5681015837469195
1.6749784369825609 0.5877098912223746
1.6749834409776914 0.5722252268607058
1.6749884449728218 0.5632134272182914
1.6749934489679523 0.56939939321263
1.674998452963083 0.5802791951383204
1.6750034398797318 0.60438962416831
1.6750084438748623 0.5998076493243675
1.675013447869993 0.6080313891947206
1.6750184518651234 0.601263720706521
1.675023455860254 0.591880456373347
1.6750284598553844 0.6175768386075015
1.6750334638505149 0.5994679929248525
1.6750384678456454 0.6411328063214238
1.675043471840776 0.6167483552742408
1.6750484758359065 0.5963483198341263
1.675053479831037 0.5924012960559953
1.6750584838261675 0.6351817332127544
1.675063487821298 0.6021296316802663
1.6750684918164285 0.6113416714263694
1.6750734958115592 0.6236256936398198
1.6750784998066897 0.65713409367109
1.6750835038018201 0.6461807261096323
1.6750885077969508 0.6183879239918514
1.6750935117920813 0.6846900236835401
1.6750985157872118 0.6607756034708372
1.6751035197823423 0.6700512164936159
1.6751085237774728 0.6389648972181209
1.6751135277726033 0.6598663773435699
1.6751185317677337 0.6456096303609679
1.6751235357628642 0.6539913437095162
1.6751285397579947 0.6555608354052973
1.6751335437531256 0.6828652300648622
1.675138547748256 0.664275140612287
1.6751435517433866 0.6512563936877718
1.675148555738517 0.6920524333131903
1.6751535597336475 0.6971416018720754
1.675158563728778 0.6725676898902537
1.6751635506454268 0.6740420643273031
1.6751685546405573 0.6808273597513779
1.6751735586356877 0.6444808242902286
1.6751785626308187 0.6806862847059089
1.6751835666259491 0.6849107772487576
1.6751885706210796 0.6820637995216484
1.67519357461621 0.6955414237603791
1.6751985786113406 0.6985234655795423
1.675203582606471 0.6887363425396705
1.6752085866016015 0.6822962746018423
1.675213590596732 0.7018866788677404
1.6752185945918625 0.7009015170771776
1.6752235985869932 0.6843227844139569
1.6752286025821237 0.691654170549296
1.6752336065772542 0.7076687206948457
1.6752386105723849 0.7171400877316069
1.6752436145675154 0.7135838295880437
1.6752486185626458 0.7266110530992538
1.6752536225577763 0.7021873478560205
1.6752586265529068 0.7315482908732261
1.6752636305480373 0.7167835007823817
1.675268634543168 0.7190962103175587
1.6752736385382985 0.7087972109913924
1.675278642533429 0.7393192257030397
1.6752836465285594 0.7302725897160955
1.67528865052369 0.7199743095251688
1.6752936545188204 0.7167636955959562
1.675298658513951 0.7243158685981558
1.6753036625090816 0.6990174219299885
1.675308666504212 0.7352736458684548
1.6753136704993428 0.7284302957413761
1.6753186744944732 0.7455452369766383
1.6753236784896037 0.7699632553423927
1.6753286654062525 0.7280748006946048
1.675333669401383 0.7518981218288402
1.6753386733965137 0.7231260385036516
1.6753436773916441 0.7805181383079441
1.6753486813867746 0.7924246925128172
1.675353685381905 0.7507338529297616
1.6753586893770358 0.7131091352633319
1.6753636933721663 0.7591209899851834
1.6753686973672968 0.7774706444112857
1.6753737013624272 0.754046276965879
1.6753787053575577 0.7693412167685506
1.6753837093526882 0.7466773887338367
1.6753887133478187 0.8206991809468095
1.6753937173429492 0.7484072741898187
1.6753987213380797 0.7638129195603397
1.6754037253332106 0.7759379623263725
1.675408729328341 0.7687426916243699
1.6754137333234715 0.7736615259369897
1.675418737318602 0.7697824401734635
1.6754237413137325 0.7834242310446522
1.675428745308863 0.7820922817889756
1.6754337493039935 0.7766744168277445
1.675438753299124 0.8060500328242528
1.6754437572942544 0.8232429116424266
1.6754487612893851 0.7693376738294737
1.6754537652845156 0.7907605594614698
1.675458769279646 0.7790547861202526
1.6754637732747768 0.7797277666038995
1.6754687772699073 0.8143291852092451
1.6754737812650378 0.8056362513367528
1.6754787852601682 0.8082877557675403
1.675483772176817 0.8084310771255061
1.6754887761719475 0.8197775107729012
1.6754937801670782 0.7923225200843383
1.6754987841622087 0.8096195749920598
1.6755037881573394 0.80346321828075
1.6755087921524698 0.8199983905990273
1.6755137961476003 0.864808600471048
1.6755188001427308 0.7672466484728252
1.6755238041378613 0.8280584627240135
1.6755288081329918 0.8325397916626347
1.6755338121281222 0.8309540330046268
1.675538816123253 0.7818600086973332
1.6755438201183834 0.8104682386505901
1.675548824113514 0.8002008345866981
1.6755538281086444 0.8155695450314455
1.6755588321037749 0.8512301546214409
1.6755638360989056 0.8176039858544527
1.675568840094036 0.7988293260513771
1.6755738440891665 0.8302425743908074
1.6755788480842972 0.8157629935527696
1.6755838520794277 0.8531669040425638
1.6755888560745582 0.8396127017247853
1.6755938600696887 0.8137368810519532
1.6755988640648192 0.7895142990336259
1.6756038680599497 0.8352163742536144
1.6756088720550801 0.8494620864046354
1.6756138760502106 0.7989580925033108
1.675618880045341 0.8215859429024952
1.675623884040472 0.8069153924447178
1.6756288880356025 0.835689604834468
1.675633892030733 0.7950052561700577
1.6756388960258635 0.8390734899101361
1.675643900020994 0.808818357979959
1.6756488869376427 0.8195208363472803
1.6756538909327732 0.8249545078057163
1.6756588949279037 0.8700095102391302
1.6756638989230341 0.8585092918604481
1.6756689029181648 0.8074525306447154
1.6756739069132955 0.8105484880229563
1.675678910908426 0.8224528312929456
1.6756839149035565 0.8242481859548385
1.675688918898687 0.8292834533244914
1.6756939228938175 0.8076812480953559
1.675698926888948 0.8355529945052633
1.6757039308840784 0.8330498681822884
1.675708934879209 0.8731764217346256
1.6757139388743396 0.8498670663694096
1.67571894286947 0.8148825164781717
1.6757239468646006 0.8464435500721247
1.6757289508597313 0.8754392214797053
1.6757339548548618 0.8437135035452349
1.6757389588499922 0.8716657865924589
1.6757439628451227 0.8761974804332775
1.6757489668402532 0.8549170923227373
1.6757539708353837 0.8127369409793412
1.6757589748305144 0.8670656871545398
1.6757639788256449 0.8362150892528484
1.6757689828207754 0.8521185113792288
1.6757739868159058 0.8260531658986774
1.6757789908110363 0.8393015013816231
1.6757839948061668 0.8669099747210443
1.6757889988012975 0.8456643056623407
1.675794002796428 0.8500764795280727
1.6757990067915585 0.8659045067298218
1.6758040107866892 0.8480178619999282
1.6758090147818197 0.8168795049676606
1.6758140016984684 0.851214474526942
1.6758190056935989 0.8612416017736808
1.6758240096887294 0.8654779346106837
1.67582901368386 0.8698372459958791
1.6758340176789905 0.8617434677061464
1.675839021674121 0.8536503053287582
1.6758440256692515 0.8362690037700009
1.6758490296643822 0.8625256120795481
1.6758540336595127 0.8228203042822345
1.6758590376546432 0.8123627479541168
1.6758640416497737 0.8316086538128579
1.6758690456449041 0.8663632065076624
1.6758740496400346 0.8650734833154436
1.675879053635165 0.8347837760500106
1.6758840576302956 0.860199132029044
1.675889061625426 0.8560595962840449
1.675894065620557 0.8458220447077237
1.6758990696156875 0.8620371849242454
1.675904073610818 0.8309176802948125
1.6759090776059484 0.8475435048315114
1.675914081601079 0.81807100466718
1.6759190855962094 0.7995470035174933
1.6759240895913399 0.8663073518081
1.6759290935864704 0.8581021695400496
1.6759340975816008 0.8959112704611176
1.6759391015767315 0.8155188428140657
1.675944105571862 0.8547182949852913
1.6759491095669925 0.8421704521982804
1.6759541135621232 0.8232012097878415
1.6759591175572537 0.8324171131044776
1.6759641215523842 0.8580191877155585
1.675969108469033 0.8219530285649296
1.6759741124641634 0.825180582603709
1.6759791164592939 0.8489908311162598
1.6759841204544246 0.8664190648084265
1.675989124449555 0.8271456688345212
1.6759941284446858 0.8739649182356267
1.6759991324398162 0.8413312104050971
1.6760041364349467 0.8677787280140806
1.6760091404300772 0.8650197035439114
1.6760141444252077 0.8410871539857098
1.6760191484203382 0.8379594441405825
1.6760241524154686 0.8392493237991828
1.6760291564105994 0.881296407954719
1.6760341604057298 0.8584440602457812
1.6760391644008603 0.8194849838187803
1.6760441683959908 0.8486800631000714
1.6760491723911213 0.8408470405979034
1.6760541763862518 0.8303821405250267
1.6760591803813825 0.8332570561093706
1.676064184376513 0.855736388702671
1.6760691883716434 0.8498142319483514
1.6760741923667741 0.8478811886846594
1.6760791963619046 0.8297112906905026
1.676084200357035 0.8563158841486975
1.6760892043521656 0.8267210580147291
1.676094208347296 0.8346088777525754
1.6760992123424265 0.845031697837016
1.676104216337557 0.8530352934053503
1.6761092203326875 0.8317618558980154
1.676114224327818 0.8412401652066536
1.676119228322949 0.8506580182618181
1.6761242323180794 0.8562606772030668
1.6761292363132099 0.8365752271286033
1.6761342232298586 0.8392029464490737
1.676139227224989 0.8261939301610711
1.6761442312201196 0.8414416401438365
1.67614923521525 0.8434279717173717
1.6761542392103805 0.8460499419404649
1.6761592432055112 0.8576675919030137
1.676164247200642 0.8437892731105718
1.6761692511957724 0.855667427276699
1.676174255190903 0.8230666409388075
1.6761792591860334 0.8615113431684729
1.6761842631811639 0.8703962274504273
1.6761892671762944 0.8356703625917393
1.6761942711714248 0.8239199143678544
1.6761992751665553 0.8617256097522193
1.6762042791616858 0.8433580602867099
1.6762092831568165 0.8315761020052446
1.676214287151947 0.8532553106454474
1.6762192911470777 0.8325263728147827
1.6762242951422082 0.8740232791633138
1.6762292991373386 0.8352606080306759
1.6762343031324691 0.8589146296117156
1.6762393071275996 0.8394986459705791
1.67624431112273 0.8646990861592132
1.6762493151178606 0.8670337438625471
1.6762543191129913 0.8823908580962604
1.6762593231081218 0.8431774825780096
1.6762643271032522 0.8915013394000434
1.6762693310983827 0.8789779894275437
1.6762743350935132 0.8782072134365397
1.6762793390886437 0.8236164269617099
1.6762843430837744 0.8138549326141463
1.6762893470789049 0.8090251078135503
1.6762943339955536 0.8273875850117872
1.6762993379906843 0.8267305760474402
1.6763043419858148 0.8178883082948923
1.6763093459809453 0.8308143707498175
1.6763143499760758 0.8604883601702762
1.6763193539712062 0.8380250487880112
1.676324357966337 0.8390116669682919
1.6763293619614674 0.8602704395255957
1.676334365956598 0.838059782739535
1.6763393699517284 0.8167008357256921
1.676344373946859 0.8770452483872787
1.6763493779419896 0.8507970982156684
1.67635438193712 0.8469933488936934
1.6763593859322505 0.8645915765090154
1.676364389927381 0.8697971894327048
1.6763693939225115 0.8515536209919613
1.676374397917642 0.8618168876271514
1.6763794019127725 0.8410271192113578
1.6763844059079032 0.8658985252940528
1.6763894099030339 0.8166369004406311
1.6763944138981643 0.8144210684424766
1.6763994178932948 0.8109330487349026
1.6764044218884253 0.8293732044796288
1.6764094258835558 0.84856672950049
1.6764144298786863 0.8533456913079778
1.6764194338738168 0.8255245630587796
1.6764244378689472 0.8423663310563264
1.676429441864078 0.8191887887366324
1.6764344458592084 0.8619101597898496
1.676439449854339 0.8633462361598756
1.6764444538494696 0.8486878797683157
1.6764494578446 0.865147186951375
1.6764544447612488 0.8121888068838089
1.6764594487563793 0.8680045465739458
1.6764644527515098 0.8385577942733812
1.6764694567466403 0.8623190887923464
1.6764744607417708 0.86503962158797
1.6764794647369015 0.8308449796462103
1.6764844687320322 0.8835782157840889
1.6764894727271626 0.8647906789982179
1.6764944767222931 0.852844788604849
1.6764994807174236 0.8187022802717708
1.676504484712554 0.8253858133598801
1.6765094887076846 0.8270218808346634
1.676514492702815 0.8385597251262811
1.6765194966979455 0.8124039007522228
1.6765245006930762 0.8561128189902089
1.6765295046882067 0.8245519061524768
1.6765345086833372 0.8118989878600799
1.6765395126784677 0.8028621794100755
1.6765445166735982 0.8421898441128265
1.6765495206687289 0.828127105871602
1.6765545246638593 0.8365559644939011
1.6765595286589898 0.8384361595033059
1.6765645326541205 0.8253173974370094
1.676569536649251 0.8709274922841307
1.6765745406443815 0.841443577637043
1.676579544639512 0.8307799370892663
1.6765845486346425 0.860446752875142
1.676589552629773 0.8401812783840233
1.6765945566249034 0.8664908879156266
1.676599560620034 0.8568937989496274
1.6766045646151644 0.8364095829641092
1.6766095686102953 0.8467671472902019
1.6766145726054258 0.8466950094869659
1.6766195595220745 0.8676528546791966
1.676624563517205 0.8259010152962295
1.6766295675123355 0.8147080358813592
1.676634571507466 0.8385771030024466
1.6766395755025965 0.840189016775209
1.676644579497727 0.8327391828818905
1.6766495834928576 0.8956266338389451
1.6766545874879883 0.8598605021294071
1.6766595914831188 0.834839520570838
1.6766645954782493 0.8541575814284855
1.6766695994733798 0.866091945982107
1.6766746034685103 0.8880798166861771
1.6766796074636408 0.8341247352223401
1.6766846114587712 0.8570792876862197
1.6766896154539017 0.836742830766936
1.6766946194490322 0.8616938631923248
1.676699623444163 0.8420831941082353
1.6767046274392934 0.8761026621589799
1.676709631434424 0.8504112562880645
1.6767146354295546 0.9087721305547406
1.676719639424685 0.8492137159620524
1.6767246434198155 0.8519164415779253
1.676729647414946 0.8443159623997999
1.6767346514100765 0.8677287760927479
1.676739655405207 0.8596843089079597
1.6767446594003377 0.8621781253366352
1.6767496633954682 0.8675629563329368
1.6767546673905986 0.870777101420733
1.6767596713857291 0.8681424646784993
1.6767646753808596 0.8678646520453441
1.67676967937599 0.8881473002684842
1.676774666292639 0.8781546391924965
1.6767796702877695 0.8529410176704979
1.6767846742829 0.825456135634998
1.6767896782780307 0.8461512493085145
1.6767946822731612 0.8984936249051768
1.6767996862682917 0.859031323255415
1.6768046902634222 0.9133810562732404
1.6768096942585526 0.882636737731638
1.6768146982536833 0.8618883292299786
1.6768197022488138 0.8708492857939146
1.6768247062439443 0.9031959884503306
1.6768297102390748 0.868338386028803
1.6768347142342055 0.8966955200490341
1.676839718229336 0.9035787316780062
1.6768447222244665 0.8736691486413977
1.676849726219597 0.9159230741392331
1.6768547302147274 0.8610809871042485
1.676859734209858 0.8580843870449306
1.6768647382049884 0.8680285307572547
1.6768697422001189 0.8793383213129027
1.6768747461952496 0.9170119601438192
1.6768797501903803 0.8834581876096765
1.6768847541855108 0.9490803898889064
1.6768897581806412 0.8936922668791423
1.6768947621757717 0.8844310885143536
1.6768997661709022 0.8748306695548969
1.6769047701660327 0.8756146113237996
1.6769097741611632 0.8840890264021457
1.6769147781562936 0.9197927880141693
1.6769197821514241 0.9137639075324689
1.6769247861465548 0.8802114222949015
1.6769297901416853 0.8748024688006208
1.676934794136816 0.8680545143703623
1.6769397810534648 0.8859046882540774
1.6769447850485952 0.9032167855459549
1.6769497890437257 0.8924646027851845
1.6769547930388562 0.9082135980445785
1.6769597970339867 0.8955730167739778
1.6769648010291172 0.904084450907944
1.6769698050242479 0.9063250840929484
1.6769748090193786 0.8912427294470502
1.676979813014509 0.8952204614301079
1.6769848170096395 0.9049737873348273
1.67698982100477 0.9281816965128377
1.6769948249999005 0.9309963964759712
1.676999828995031 0.9313523184319172
1.6770048329901615 0.9155393182265714
1.677009836985292 0.8698292345356682
1.6770148409804226 0.9195598483875405
1.6770198449755531 0.9139090963873356
1.6770248489706836 0.9221169391070886
1.677029852965814 0.9356146210435432
1.6770348569609446 0.9324337828860872
1.6770398609560753 0.9337508281448954
1.6770448649512057 0.9254863122257214
1.6770498689463362 0.9016105814097393
1.6770548729414667 0.9202546063658475
1.6770598769365974 0.9017226942741878
1.677064880931728 0.889399743778897
1.6770698849268584 0.9680705310397296
1.6770748889219889 0.9263540402302138
1.6770798929171193 0.8779645893372536
1.6770848969122498 0.9267145888987092
1.6770899009073803 0.9232982236191989
1.6770949049025108 0.9447893736865736
1.6770999088976415 0.9508302717811286
1.6771048958142905 0.9164146008403762
1.677109899809421 0.8892850677313567
1.6771149038045514 0.959316689327875
1.677119907799682 0.8767928507976007
1.6771249117948124 0.9266420412058234
1.6771299157899429 0.9407235147896338
1.6771349197850733 0.8879796232505107
1.677139923780204 0.9091321161628698
1.6771449277753345 0.9287182931124294
1.6771499317704652 0.9392517220854076
1.6771549357655957 0.9350116024164928
1.6771599397607262 0.9080672231048721
1.6771649437558567 0.9030566602614318
1.6771699477509872 0.8976251245587356
1.6771749517461176 0.9082156892860767
1.6771799557412481 0.8919448453436072
1.6771849597363786 0.9141532339920025
1.677189963731509 0.8964023780568225
1.6771949677266398 0.900305700516203
1.6771999717217705 0.9175125217552808
1.677204975716901 0.9136587126304907
1.6772099797120315 0.9040636338338146
1.677214983707162 0.9025785329744853
1.6772199877022924 0.9231642970515735
1.677224991697423 0.9145995850350034
1.6772299956925534 0.9241426206754275
1.6772349996876839 0.8866025988724826
1.6772400036828146 0.9104057667596761
1.677245007677945 0.9196149015202353
1.6772500116730755 0.9279145827881878
1.677255015668206 0.9236022877758341
1.677260002584855 0.9487810457510459
1.6772650065799855 0.9270475276063332
1.677270010575116 0.8882045630869516
1.6772750145702464 0.9084332046954872
1.677280018565377 0.9101877790396512
1.6772850225605076 0.9398077022763749
1.677290026555638 0.9260618640831958
1.6772950305507686 0.9063835189142283
1.677300034545899 0.9144985053391905
1.6773050385410297 0.8871886966753662
1.6773100425361602 0.9157311760803052
1.6773150465312907 0.9030358668527861
1.6773200505264212 0.9052989152725942
1.6773250545215517 0.924046869370215
1.6773300585166824 0.9077473714354773
1.6773350625118129 0.8900471215468247
1.6773400665069433 0.8716778291835253
1.6773450705020738 0.8969887579046971
1.6773500744972043 0.9448850986844468
1.6773550784923348 0.9173773220754712
1.6773600824874653 0.9191322401508868
1.6773650864825957 0.8674910443623828
1.6773700904777264 0.91103067458241
1.6773750944728572 0.8941986296895427
1.6773800984679876 0.8955255889690685
1.6773851024631181 0.9119583413028559
1.6773901064582486 0.9087344658823879
1.677395110453379 0.8947403023844106
1.6774001144485096 0.9202546063658475
1.67740511844364 0.8833971625878387
1.6774101224387705 0.8811178511680978
1.6774151264339012 0.9149092111086398
1.6774201304290317 0.9568635252614588
1.6774251173456807 0.9182015044264548
1.6774301213408112 0.8742950106462811
1.6774351253359416 0.8986819107111886
1.6774401293310721 0.9088181672743061
1.6774451333262026 0.8460850085028697
1.677450137321333 0.9247215953933747
1.6774551413164636 0.9165728737012773
1.677460145311594 0.8938239759430388
1.677465149306725 0.8736208692340308
1.6774701533018554 0.9278333954532496
1.677475157296986 0.8847427245146634
1.6774801612921164 0.9157480446273121
1.677485165287247 0.9489973506642553
1.6774901692823774 0.9165581004110865
1.6774951732775079 0.8803857410600047
1.6775001772726383 0.8696690208260385
1.677505181267769 0.9083641797410424
1.6775101852628995 0.8968028917992994
1.67751518925803 0.8983115838426983
1.6775201932531605 0.9008261815591981
1.677525197248291 0.8668780371656023
1.6775302012434217 0.8863943925748757
1.6775352052385522 0.8881759312162342
1.6775402092336826 0.9112425695114191
1.6775452132288131 0.8848568148130602
1.6775502172239438 0.8970940991298542
1.6775552212190743 0.9153453929065267
1.6775602252142048 0.8705605841992229
1.6775652292093353 0.9048821056965111
1.6775702332044657 0.855041118037493
1.6775752371995962 0.8788646571240353
1.6775802241162452 0.9102338874733572
1.6775852451898572 0.8940133417299228
1.6775902321065062 0.8480139567423465
1.6775952361016369 0.8715935345398318
1.6776002400967673 0.8997896638727154
1.6776052440918978 0.8531197575997985
1.6776102480870283 0.8688463880164129
1.6776152520821588 0.882531062056141
1.6776202560772893 0.9176266119834815
1.6776252600724197 0.8882925096039419
1.6776302640675502 0.8918298411397009
1.677635268062681 0.899116567020098
1.6776402720578116 0.896456044774824
1.6776452760529421 0.9242958434017726
1.6776502800480726 0.8791621855916754
1.677655284043203 0.9220617361888596
1.6776602880383336 0.8980220490720419
1.677665292033464 0.8899241654864734
1.6776702960285945 0.8989012823880829
1.677675300023725 0.9019407314202579
1.6776803040188555 0.9040053485762317
1.6776853080139862 0.9045029757584984
1.677690312009117 0.947218125709639
1.6776953160042474 0.9253435455024629
1.6777003199993779 0.9256376263740984
1.6777053239945083 0.9158302832438662
1.6777103279896388 0.9002144917952831
1.6777153319847693 0.8799297474973767
1.6777203359798998 0.872860820391009
1.6777253399750303 0.8914007599471431
1.677730343970161 0.8783609100440336
1.6777353479652914 0.8824599413216414
1.677740351960422 0.8864392956795192
1.677745338877071 0.9092891312746199
1.6777503428722014 0.9134231199938724
1.6777553468673319 0.9625205266165241
1.6777603508624623 0.9252498002322174
1.6777653548575928 0.9082010506966982
1.6777703588527233 0.9060246216577659
1.677775362847854 0.8996902209394257
1.6777803668429845 0.8888940517036495
1.677785370838115 0.9038763017349746
1.6777903748332454 0.9236916123550969
1.6777953788283761 0.9239149616001425
1.6778003828235066 0.9222018731271028
1.6778053868186371 0.8975651876712043
1.6778103908137676 0.9063459532394921
1.677815394808898 0.9056971476435489
1.6778203988040288 0.8860699332087157
1.6778254027991593 0.9161171218469785
1.6778304067942897 0.9174977333198768
1.6778354107894202 0.9516012415769091
1.6778404147845507 0.9113621755329635
1.6778454187796812 0.9336132356761347
1.6778504227748117 0.9170731956323126
1.6778554267699421 0.9326979022858275
1.6778604307650729 0.9237873268479746
1.6778654347602036 0.9415621675255178
1.677870438755334 0.9380910661355427
1.6778754427504645 0.9186582932237415
1.677880446745595 0.897612723495014
1.6778854507407255 0.9614905054192646
1.677890454735856 0.941622874238759
1.6778954587309864 0.9413974118889241
1.677900462726117 0.9230984038085243
1.6779054667212474 0.9262260685301563
1.6779104536378966 0.9366794666933924
1.677915457633027 0.9398444907788892
1.6779204616281576 0.9349233358881243
1.677925465623288 0.920227060239128
1.6779304696184185 0.9572006833800815
1.677935473613549 0.8985019003753936
1.6779404776086795 0.906980604696135
1.67794548160381 0.9357891382321996
1.6779504855989404 0.8809900429621883
1.6779554895940714 0.9120486398253934
1.6779604935892019 0.9448568152893041
1.6779654975843323 0.9104959115523983
1.6779705015794628 0.8867455138446912
1.6779755055745933 0.9031564752879077
1.6779805095697238 0.9469477140738417
1.6779855135648543 0.9225565571800951
1.6779905175599847 0.942707581923606
1.6779955215551152 0.942267040013413
1.678000525550246 0.9208014616349873
1.6780055295453764 0.9318285231214234
1.6780105335405069 0.9543990535825377
1.6780155375356374 0.9404614536891629
1.678020541530768 0.9358990361249431
1.6780255455258986 0.8923146021668431
1.678030549521029 0.955806544827168
1.6780355535161595 0.8683963712324376
1.67804055751129 0.9650859653705667
1.6780455615064207 0.9233322398094129
1.6780505655015512 0.9077578223234672
1.6780555694966817 0.9383805554173217
1.6780605734918121 0.9477002604957856
1.6780655774869426 0.9295740683099019
1.6780705644035916 0.9761397537957379
1.678075568398722 0.9694021977833374
1.6780805723938526 0.8971643334860557
1.678085576388983 0.9100997603337031
1.6780905803841137 0.9194836264139548
1.6780955843792442 0.92408729648892
1.6781005883743747 0.9487788611044683
1.6781055923695052 0.921151365013231
1.6781105963646357 0.9501780640218227
1.6781156003597661 0.9508587339860418
1.6781206043548966 0.9290048900126168
1.6781256083500273 0.945113572528554
1.6781306123451578 0.9131707667242093
1.6781356163402885 0.9416272105823311
1.678140620335419 0.9245342403615122
1.6781456243305495 0.934921183150068
1.67815062832568 0.9207781394694352
1.6781556323208104 0.912449841335896
1.678160636315941 0.933733627977415
1.6781656403110714 0.9318113583637841
1.6781706443062019 0.9400306193917112
1.6781756483013324 0.9523092439625106
1.6781806522964633 0.938804148406682
1.6781856562915938 0.936685937068272
1.6781906602867243 0.9193354351066836
1.6781956642818547 0.9302678242408972
1.6782006682769852 0.8956616928862279
1.6782056722721157 0.911410442057109
1.6782106762672462 0.9069973120501754
1.6782156802623767 0.9074109171477861
1.6782206842575074 0.9264713631542846
1.6782256882526378 0.9632898849725673
1.6782306751692868 0.9376677948923648
1.6782356791644173 0.9192041998942575
1.6782406831595478 0.9233046015594046
1.6782456871546783 0.9354832160031511
1.6782506911498087 0.9127839604455492
1.6782556951449392 0.9235788946706346
1.6782606991400697 0.9063939541001953
1.6782657031352002 0.9252711051414726
1.6782707071303309 0.9427922416373856
1.6782757111254614 0.932307118010561
1.6782807151205918 0.8782436128339366
1.6782857191157226 0.9767400594816806
1.678290723110853 0.95414197076454
1.6782957271059835 0.9270517968277974
1.678300731101114 0.930385642846494
1.6783057350962445 0.9761352585163966
1.678310739091375 0.9721650414157806
1.6783157430865057 0.9280043244235195
1.6783207470816361 0.9532306541210189
1.6783257510767666 1.0
1.678330755071897 0.9207272567949593
1.6783357590670276 0.894324235585023
1.678340763062158 0.9323285854224339
1.6783457670572886 0.9298609292971872
1.6783507710524193 0.9092891312746199
1.67835577504755 0.9103785154398307
1.6783607790426804 0.9571323607017905
1.678365783037811 0.9401107093214922
1.6783707870329414 0.9646838323215872
1.6783757910280719 0.9363818777599268
1.6783807950232024 0.9689179463363929
1.6783857990183328 0.9645283561889947
1.6783908030134633 0.9381515490513945
1.6783957899301123 0.9304884785506733
1.6784007939252428 0.9549837902551738
1.6784057979203735 0.9213083345616837
1.678410801915504 0.9449568987976007
1.6784158059106344 0.9144479696805308
1.678420809905765 0.971630188835719
1.6784258139008954 0.9682823153558321
1.6784308178960259 0.9403683421202582
1.6784358218911564 0.9046654405628816
1.6784408258862868 0.9129079728707457
1.6784458298814176 0.9274894963311078
1.6784508338765483 0.9304006390121322
1.6784558378716787 0.9058827712456615
1.6784608418668092 0.9119478420548844
1.6784658458619397 0.9539925869304526
1.6784708498570702 0.9165581004110865
1.6784758538522007 0.9383330211975722
1.6784808578473311 0.9460193072899136
1.6784858618424616 0.9460410904402461
1.6784908658375923 0.9397471125878225
1.6784958698327228 0.9396648899727219
1.6785008738278533 0.9240724020815203
1.6785058778229838 0.9058139400793256
1.6785108818181145 0.9575269362992167
1.678515885813245 0.925882765159709
1.6785208898083754 0.9247833457097016
1.678525893803506 0.9542496294986591
1.6785308977986364 0.9113286003280893
1.678535901793767 0.8935688072581419
1.6785409057888976 0.9374994033433551
1.678545909784028 0.9294328110997392
1.678550896700677 0.9504822260467537
1.6785559006958075 0.9088893195190313
1.678560904690938 0.9320774476419192
1.6785659086860685 0.94006741662025
1.678570912681199 0.920642458585874
1.6785759166763294 0.9073482375871554
1.6785809206714601 0.9275791968549446
1.6785859246665906 0.9050237994163534
1.678590928661721 0.9391003447943366
1.6785959326568516 0.9108167316907424
1.678600936651982 0.902927748845515
1.6786059406471125 0.9282928384680391
1.678610944642243 0.9323178516547083
1.6786159486373737 0.8961072685311112
1.6786209526325042 0.9228051296638021
1.678625956627635 0.9179520583384861
1.6786309606227654 0.9019220404563802
1.6786359646178959 0.8925303644299961
1.6786409686130264 0.9087763156146992
1.6786459726081568 0.9415274797323164
1.6786509766032873 0.9136944775383158
1.6786559805984178 0.9638956048738402
1.6786609845935483 0.9411698363977022
1.6786659885886788 0.9215438390392683
1.6786709925838095 0.928555784911829
1.6786759965789402 0.9082575151272926
1.6786810005740707 0.9162753433306411
1.6786860045692011 0.9226882710101346
1.6786910085643316 0.9019220404563802
1.678696012559462 0.9044175892912474
1.6787010165545926 0.8867128455344432
1.678706020549723 0.8586417470540714
1.6787110245448535 0.8781323971905787
1.6787160114615027 0.8736208692340308
1.6787210154566332 0.8756004981974793
1.6787260194517637 0.9196508995813654
1.6787310234468942 0.9031793511186137
1.6787360274420247 0.9041115138209205
1.6787410314371551 0.8694267536592657
1.6787460354322856 0.8948948319033554
1.678751039427416 0.8861352236594994
1.6787560434225466 0.8648822815391505
1.6787610474176773 0.9170689723638976
1.6787660514128078 0.8989923580561009
1.6787710554079383 0.9131812800517005
1.678776059403069 0.9246343002574409
1.6787810633981994 0.9005856031331668
1.67878606739333 0.8695288580375047
1.6787910713884604 0.8438106452438525
1.6787960753835909 0.9110243814271932
1.6788010793787214 0.8838691991934909
1.678806083373852 0.9321525672361157
1.6788110873689825 0.8885727693716156
1.678816091364113 0.8864372545799608
1.6788210953592435 0.9066319089393794
1.678826099354374 0.9047966834388128
1.6788311033495045 0.9093435695097077
1.678836107344635 0.9051821892422889
1.6788411113397657 0.894909256020098
1.6788461153348961 0.8929394284376779
1.6788511193300268 0.8822506764099873
1.6788561233251573 0.8609382436553933
1.6788611273202878 0.8657709311734386
1.6788661313154183 0.8722098762700793
1.6788711353105488 0.9001854727764463
1.6788761222271975 0.9103722267895541
1.6788811262223282 0.9101081427008715
1.6788861302174587 0.891523920020647
1.6788911342125892 0.8873909596473069
1.6788961382077199 0.8731522953117993
1.6789011422028504 0.900295335423444
1.6789061461979808 0.847969047572745
1.6789111501931113 0.8583630218107494
1.6789161541882418 0.8926536805749072
1.6789211581833723 0.9106007423024838
1.6789261621785028 0.839479316022447
1.6789311661736332 0.8720572559775862
1.6789361701687637 0.8778230895688047
1.6789411741638947 0.8577327645152546
1.6789461781590251 0.8962166334558872
1.6789511821541556 0.8509303228699281
1.678956186149286 0.9128827486397577
1.6789611901444166 0.875481553742496
1.678966194139547 0.8697130766542055
1.6789711981346775 0.9094587380542687
1.678976202129808 0.8638493285127748
1.6789812061249385 0.8609283317946219
1.6789862101200692 0.8748890882950288
1.6789912141151997 0.873025642528406
1.6789962181103302 0.9021733624872146
1.6790012221054609 0.8576557428691931
1.6790062261005914 0.8891253650190702
1.6790112300957218 0.860823273085902
1.6790162340908523 0.8806513394792977
1.6790212380859828 0.8923577504463628
1.6790262420811133 0.8918503765171003
1.679031246076244 0.9205385914230211
1.6790362329928927 0.8725352876269494
1.6790412369880234 0.8946640776512171
1.679046240983154 0.8805986189166233
1.6790512449782844 0.8814668822781181
1.6790562489734149 0.8854927301392792
1.6790612529685454 0.8655616377948304
1.6790662569636758 0.8717079363890848
1.6790712609588063 0.8577327645152546
1.679076264953937 0.8857435531067146
1.6790812689490675 0.8732910313472627
1.679086272944198 0.8664050998956101
1.6790912769393285 0.8845145880471665
1.679096280934459 0.9295162786747069
1.6791012849295894 0.8569786451980933
1.6791062889247201 0.8662933886958699
1.6791112929198506 0.8587208345236063
1.679116296914981 0.8885727693716156
1.6791213009101118 0.8695829181509748
1.6791263049052423 0.9011373696369386
1.6791313089003728 0.8765788745560097
1.6791363128955032 0.8645696780339126
1.6791413168906337 0.9106657434288924
1.6791463208857642 0.8566905967454961
1.6791513248808947 0.8899405586464004
1.6791563288760252 0.9110096975674111
1.6791613328711557 0.8664789169843088
1.6791663368662866 0.8870150733319295
1.679171340861417 0.8992221581324625
1.6791763448565475 0.8858230971743849
1.679181348851678 0.8988081463621922
1.6791863528468085 0.9012971546028847
1.679191356841939 0.9370354036932594
1.6791963608370695 0.882273022722798
1.6792013477537182 0.8692586078780062
1.6792063517488487 0.8121177449068547
1.6792113557439796 0.9071957354080614
1.67921635973911 0.8708432702009398
1.6792213637342406 0.8789314404630003
1.679226367729371 0.8798953042484713
1.6792313717245015 0.8448060201202983
1.679236375719632 0.8791034815251358
1.6792413797147625 0.91200243946434
1.679246383709893 0.8842641130954335
1.6792513877050235 0.8932951992330457
1.6792563917001542 0.8907482955503541
1.6792613956952847 0.8871090299812487
1.6792663996904154 0.9054073172071112
1.6792714036855458 0.8887630690867093
1.6792764076806763 0.8307493305890841
1.6792814116758068 0.8598605021294071
1.6792864156709373 0.89574212765096
1.6792914196660678 0.8720652879587255
1.6792964236611985 0.8533201479763978
1.679301427656329 0.8574938224789957
1.6793064316514594 0.8745406480626526
1.67931143564659 0.8722239347455906
1.6793164396417204 0.8908980328681039
1.6793214436368509 0.9226032921932809
1.6793264476319814 0.8697651455103014
1.679331451627112 0.8831409035239507
1.6793364556222425 0.8775846130093939
1.6793414596173732 0.8718223532542629
1.6793464636125037 0.8939948150457488
1.6793514676076342 0.8561226754100212
1.679356454524283 0.884846627581147
1.6793614755978952 0.8765385075365137
1.679366462514544 0.8530451143936377
1.6793714665096746 0.9128953606681304
1.679376470504805 0.853681755547573
1.6793814744999356 0.9032958188767761
1.679386478495066 0.8786542216129568
1.6793914824901968 0.840889636357723
1.6793964864853272 0.9089207119861321
1.6794014904804577 0.8761127487216932
1.6794064944755882 0.8437717872223371
1.6794114984707187 0.8724268036872073
1.6794165024658492 0.844749610109003
1.6794215064609797 0.8774997471566828
1.6794265104561101 0.8803857410600047
1.679431514451241 0.8731000236825565
1.6794365184463715 0.8571937582133132
1.679441522441502 0.8687063578099371
1.6794465264366325 0.850507210770875
1.679451530431763 0.8507422470678444
1.6794565344268935 0.8171748650792836
1.679461538422024 0.8407754071405115
1.6794665424171544 0.8534930716135496
1.679471546412285 0.8755964659174561
1.6794765504074156 0.8232637633619146
1.679481554402546 0.8714430286649445
1.6794865583976766 0.9132254373489455
1.6794915623928073 0.8196850232242128
1.6794965663879378 0.8326164749425208
1.6795015703830682 0.8201173505395931
1.6795065743781987 0.8914787593513644
1.6795115783733292 0.8247816688706338
1.6795165823684597 0.8539176691248734
1.6795215692851087 0.8715172749815371
1.6795265732802391 0.8510028215188054
1.6795315772753696 0.8308775028342504
1.6795365812705003 0.8516026417697187
1.6795415852656308 0.8524266129010646
1.6795465892607613 0.8101417243250556
1.6795515932558918 0.8528114055473793
1.6795565972510222 0.8405644143151224
1.6795616012461527 0.8257165702804516
1.6795666052412834 0.8564125048685886
1.679571609236414 0.8415559598766273
1.6795766132315444 0.8528997753129054
1.6795816172266749 0.8362439715976107
1.6795866212218054 0.8119550737923888
1.6795916252169358 0.8362458971227309
1.6795966292120665 0.8297132011735519
1.679601633207197 0.833389453150651
1.6796066372023275 0.8630520729159042
1.6796116411974582 0.8895492544012649
1.6796166451925887 0.8165052847311549
1.6796216491877192 0.8175098611353213
1.6796266531828496 0.8170205872421524
1.6796316571779801 0.829961601431578
1.6796366611731106 0.809192781610472
1.679641665168241 0.797737485632243
1.6796466691633716 0.8297724283300507
1.679651673158502 0.8197171095589634
1.679656677153633 0.8213324846193314
1.6796616811487635 0.851712458552409
1.679666685143894 0.8210961201446098
1.6796716891390244 0.8122542642057728
1.679676693134155 0.7989544131737948
1.6796816971292854 0.8142710603542279
1.6796866840459341 0.7894743057217789
1.6796916880410646 0.8023705868153505
1.679696692036195 0.8010931164649958
1.679701696031326 0.8217127013734582
1.6797067000264565 0.8516987306801687
1.679711704021587 0.7987686290650128
1.6797167080167175 0.8213551791880925
1.679721712011848 0.8925673574846267
1.6797267160069784 0.8306020525766992
1.679731720002109 0.8266182702436061
1.6797367239972394 0.7892961783068266
1.6797417279923699 0.7749220166505923
1.6797467319875006 0.8057475617869906
1.679751735982631 0.8349971631536524
1.6797567399777615 0.8002745392013941
1.6797617439728922 0.8057586936778353
1.6797667479680227 0.8050391479007113
1.6797717519631532 0.8197303219442209
1.6797767559582837 0.8274123520766229
1.6797817599534142 0.8251007844249958
1.6797867639485446 0.7990390420396141
1.6797917679436754 0.8123795829377368
1.6797967719388058 0.8143423107507228
1.6798017759339363 0.8478226211499615
1.6798067799290668 0.7908406784329352
1.6798117839241973 0.7986343763586353
1.6798167879193278 0.7807877662828784
1.6798217919144585 0.7804282830090266
1.679826795909589 0.8010857381587024
1.6798317999047194 0.8250285927222407
1.6798368038998501 0.8073316898575185
1.6798418078949806 0.7963665317552913
1.6798467948116294 0.7900798758344615
1.6798517988067598 0.779982753601345
1.6798568028018903 0.8415908401752021
1.679861806797021 0.8078188816761359
1.6798668107921515 0.8044147030330583
1.679871814787282 0.8157141575582039
1.6798768187824125 0.7755557105903722
1.6798818227775432 0.8185439445247313
1.6798868267726736 0.8225115401847447
1.6798918307678041 0.8040961819832464
1.6798968347629346 0.8185156735066891
1.679901838758065 0.8431037092652929
1.6799068427531956 0.7730347196208626
1.679911846748326 0.8233395922486757
1.6799168507434565 0.8025294898314981
1.679921854738587 0.7782676882678379
1.679926858733718 0.7829120906444823
1.6799318627288484 0.8001934644985866
1.679936866723979 0.7772594304132445
1.6799418707191094 0.8031413753755273
1.6799468747142399 0.8164620441995311
1.6799518787093703 0.8056659326198614
1.6799568827045008 0.7951535459457354
1.6799618866996313 0.8026736383860872
1.6799668906947618 0.7974950571616969
1.6799718946898925 0.7668280664811464
1.679976898685023 0.8081649291125368
1.6799819026801535 0.8017832884143946
1.6799869066752842 0.7873212983705649
1.6799919106704146 0.8026514600002413
1.6799969146655451 0.7814154612223463
1.6800019186606756 0.7760201531855943
1.6800069055773243 0.7965627620099603
1.6800119095724548 0.7813578865245442
1.6800169135675855 0.7985792105557228
1.680021917562716 0.7797959943909766
1.6800269215578467 0.8241362173670492
1.6800319255529772 0.8236202198642579
1.6800369295481077 0.8271685240297172
1.6800419335432382 0.7681623195028106
1.6800469375383686 0.8061558316980314
1.6800519415334991 0.7653516097846857
1.6800569455286296 0.7612617342502146
1.6800619495237603 0.8237245315294764
1.6800669535188908 0.8089282454565834
1.6800719575140213 0.784928322543685
1.6800769615091518 0.7817375979352077
1.6800819655042822 0.8120074241581224
1.680086969499413 0.8230818025262764
1.6800919734945434 0.7954117459845773
1.680096977489674 0.7465003230445394
1.6801019814848044 0.7761005657111943
1.680106985479935 0.7902672783492308
1.6801119894750656 0.7710845475532496
1.680116993470196 0.7961520175524804
1.6801219974653265 0.7954355558829104
1.680127001460457 0.7927385902163651
1.6801320054555875 0.8099738538965856
1.680137009450718 0.7598694773531947
1.6801420134458485 0.8033651720147627
1.6801470174409794 0.7652740730753855
1.6801520214361099 0.7800384308649445
1.6801570254312403 0.7813722798012857
1.6801620294263708 0.8036001330847248
1.6801670334215013 0.7772254267434843
1.68017202033815 0.7719550275421684
1.6801770243332805 0.7703995137417666
1.680182028328411 0.8177244813086552
1.6801870323235415 0.7702700291626914
1.6801920363186722 0.7796882690346155
1.680197040313803 0.7971902895726941
1.6802020443089334 0.7811078456606034
1.6802070483040639 0.7708377942411416
1.6802120522991943 0.7582091130774075
1.6802170562943248 0.7543988192634662
1.6802220602894553 0.7930745254182506
1.6802270642845858 0.7876821430190848
1.6802320682797163 0.7721665780886043
1.680237072274847 0.7940283339829342
1.6802420762699775 0.7529029521105174
1.680247080265108 0.7455881552456338
1.6802520842602386 0.7332566325359536
1.6802570882553691 0.7608096281145118
1.6802620922504996 0.7317959472560664
1.68026709624563 0.7405919720056086
1.6802721002407606 0.74770967458219
1.680277104235891 0.7373165800499578
1.6802821082310218 0.7490537800560587
1.6802871122261522 0.76490588096433
1.6802921162212827 0.7513564172136996
1.6802971202164132 0.7814028663947016
1.6803021242115437 0.7414399793256632
1.6803071282066742 0.7291686697210942
1.6803121322018049 0.7670028894069517
1.6803171361969353 0.761596606037017
1.6803221401920658 0.7191872839961079
1.6803271271087146 0.7359698106145905
1.6803321311038453 0.7265876303038766
1.6803371350989758 0.7551826436118545
1.6803421390941062 0.7416175523653704
1.6803471430892367 0.7405442258158089
1.6803521470843674 0.7850476176489322
1.680357151079498 0.7463971973374287
1.6803621550746284 0.7425898349037652
1.6803671590697589 0.7403396341510843
1.6803721630648896 0.6874862238397289
1.68037716706002 0.7153918694326865
1.6803821710551505 0.6911049442876117
1.680387175050281 0.7341351189678774
1.6803921790454115 0.7443582394087613
1.680397183040542 0.7119278786991753
1.6804021870356725 0.7144009115087734
1.680407191030803 0.7065892079866689
1.6804121950259334 0.7342686733924798
1.6804171990210643 0.7293080377897656
1.6804222030161948 0.7337177067587769
1.6804272070113253 0.7115214546714788
1.6804322110064558 0.7052579655456228
1.6804372150015863 0.6777850729219312
1.6804422189967168 0.6956439300852276
1.6804472229918472 0.6853461856234707
1.6804522269869777 0.7346001285367271
1.6804572309821082 0.7208402025034044
1.680462234977239 0.7073217292266714
1.6804672389723694 0.6812884086908829
1.6804722429674999 0.6937388243419969
1.6804772469626306 0.7025674095119735
1.680482250957761 0.7191011776753574
1.6804872549528915 0.7120754286941066
1.6804922418695403 0.6818533836532558
1.6804972458646708 0.6950803321880414
1.6805022498598012 0.6843164815972127
1.680507253854932 0.711657449778062
1.6805122578500624 0.688243312266217
1.6805172618451931 0.6869260717471137
1.6805222658403236 0.6817654678970548
1.680527269835454 0.6908758310498003
1.6805322738305846 0.6737503441012977
1.680537277825715 0.6777210889722005
1.6805422818208455 0.6578168594570682
1.680547285815976 0.6786736691924563
1.6805522898111067 0.6571628433361671
1.6805572938062372 0.6912561369779044
1.6805622978013677 0.6602508971508891
1.6805673017964982 0.649881239325762
1.6805723057916286 0.6572369930140901
1.6805773097867593 0.6574065094109021
1.6805823137818898 0.6426033717922353
1.6805873177770203 0.6256767255126292
1.6805923217721508 0.6515488761322102
1.6805973257672815 0.6610693166954169
1.680602329762412 0.653711311726232
1.6806073337575425 0.6518970263560646
1.680612337752673 0.6553389787171904
1.6806173417478034 0.6213366907048623
1.680622345742934 0.6395713485036904
1.6806273497380644 0.5879399891000032
1.6806323537331949 0.6118810453877003
1.6806373577283253 0.6028593486725347
1.6806423617234563 0.6004294700910587
1.6806473657185867 0.6043297858135172
1.6806523526352355 0.5900828600392689
1.680657356630366 0.5900950886099502
1.6806623606254965 0.5779908988575456
1.680667364620627 0.5792139326330559
1.6806723686157574 0.5737543615954217
1.680677372610888 0.5751061343371093
1.6806823766060186 0.572887043116124
1.6806873806011493 0.560239853791472
1.6806923845962798 0.559114814978517
1.6806973885914103 0.5473385029524104
1.6807023925865407 0.5450194485776013
1.6807073965816712 0.5565356638909025
1.6807124005768017 0.5429026980956282
1.6807174045719322 0.530556940320755
1.6807224085670627 0.508577332982331
1.6807274125621932 0.5042431416894976
1.6807324165573239 0.5151396754294544
1.6807374205524543 0.5212979295093382
1.680742424547585 0.4795269278367444
1.6807474285427155 0.508580846122221
1.680752432537846 0.4847814574307577
1.6807574365329765 0.4639775849274446
1.680762440528107 0.4497115067651988
1.6807674445232375 0.4539813374775133
1.680772448518368 0.44141084589933643
1.6807774525134986 0.4479525364009605
1.6807824565086291 0.4181412372964683
1.6807874605037596 0.41114593429308616
1.68079246449889 0.41156648336387175
1.6807974684940206 0.4058335995001046
1.6808024724891513 0.39437284186893945
1.6808074764842817 0.40535636798688574
1.6808124634009305 0.3890648533035873
1.680817467396061 0.3801701376027556
1.6808224713911917 0.35291409179072825
1.6808274753863222 0.3503490950092453
1.6808324793814526 0.3470092087300201
1.6808374833765831 0.3279555614203273
1.6808424873717136 0.33935870976755816
1.6808474913668443 0.31617243211675605
1.6808524953619748 0.3047712526113063
1.6808574993571053 0.30379946169699495
1.6808625033522357 0.2997477970482072
1.6808675073473665 0.2848570681089936
1.680872511342497 0.2775530473743057
1.6808775153376274 0.26245388147109605
1.680882519332758 0.2579306781585988
1.6808875233278884 0.24560545022776897
1.6808925273230189 0.24225067732627167
1.6808975313181493 0.23318413538877708
1.6809025353132798 0.2300218012548035
1.6809075393084105 0.22621270866184082
1.6809125433035412 0.2167813916710505
1.6809175472986717 0.19807788949971242
1.6809225512938022 0.19857153819642445
1.6809275552889327 0.18562394570914353
1.6809325592840632 0.18239586985333697
1.6809375632791936 0.1736620806453811
1.6809425672743241 0.1689355305234282
1.6809475712694546 0.155959918655614
1.680952575264585 0.15047418507883678
1.6809575792597158 0.14889187533073323
1.6809625832548463 0.1374491314964971
1.680967587249977 0.12922394642191504
1.6809725912451075 0.13166944349215823
1.6809775781617562 0.1214836970206769
1.6809825821568867 0.11424363157537246
1.6809875861520172 0.11400082651048604
1.6809925901471476 0.10376813229220325
1.6809975941422781 0.10023052380779006
1.6810025981374088 0.09881070547015149
1.6810076021325395 0.09263967013925915
1.68101260612767 0.08562232173741402
1.6810176101228005 0.08682244263950842
1.681022614117931 0.08181388198894608
1.6810276181130615 0.07370534782076296
1.681032622108192 0.07339306080205625
1.6810376261033224 0.07344005610916712
1.681042630098453 0.06416260677611611
1.6810476340935836 0.0607456243296618
1.681052638088714 0.0582510824439997
1.6810576420838446 0.057518294485310026
1.681062646078975 0.05174495337981394
1.6810676500741055 0.05156677840037378
1.6810726540692362 0.04908468406607335
1.6810776580643667 0.04612952684173062
1.6810826620594972 0.04277253595017161
1.681087666054628 0.03855156385306737
1.6810926700497584 0.03854801328632999
1.6810976740448889 0.03713846931014759
1.6811026780400193 0.0353726013821108
1.6811076820351498 0.03197363405051951
1.6811126860302803 0.029352223117548627
1.6811176900254108 0.031983721857355436
1.6811226940205413 0.0294650376251179
1.6811276980156717 0.02596354561570278
1.6811326849323207 0.024238737756683115
1.6811376889274514 0.025033524571763846
1.681142692922582 0.022789877984360583
1.6811476969177124 0.021528511333267695
1.6811527009128429 0.019755180403726005
1.6811577049079733 0.018871525141766946
1.6811627089031038 0.01722161991402652
1.6811677128982343 0.016750701519123553
1.681172716893365 0.01639415360910617
1.6811777208884955 0.01487626821613472
1.6811827248836262 0.013555420678282463
1.6811877288787567 0.013208363123018568
1.6811927328738872 0.012811323566585327
1.6811977368690176 0.01152497521255783
1.6812027408641481 0.011579078547283798
1.6812077448592786 0.010147615426388179
1.681212748854409 0.009971419786707986
1.6812177528495396 0.0089372519232551
1.6812227568446703 0.008980385914018675
1.6812277608398007 0.008627043740770718
1.6812327648349314 0.00810387997223414
1.681237768830062 0.007618246134896932
1.6812427728251924 0.006839415684664524
1.681247776820323 0.006576654089646695
1.6812527808154534 0.0062055888769967866
1.6812577848105839 0.005769975910615562
1.6812627888057143 0.006017526340677876
1.681267792800845 0.005252329943460879
1.6812727967959755 0.0047861025517645
1.681277800791106 0.004471724097347246
1.6812828047862365 0.004396823173471359
1.681287808781367 0.004233406770162443
1.6812928127764974 0.003909903151205759
1.6812977996931464 0.003829852074889622
1.681302803688277 0.0034114263528094075
1.6813078076834074 0.003117783827820959
1.681312811678538 0.0030075440710975966
1.6813178156736686 0.002884469824476238
1.681322819668799 0.0027075282706136403
1.6813278236639295 0.002660896608612891
1.68133282765906 0.002467936607350506
1.6813378316541907 0.002190544095904305
1.6813428356493212 0.0019486462227808912
1.6813478396444517 0.0018653614616514329
1.6813528436395822 0.0018254124152983888
1.6813578476347129 0.00171874718548141
1.6813628516298433 0.0016236035790528152
1.6813678556249738 0.0015839774698958315
1.6813728596201043 0.0013445718047660903
1.6813778636152348 0.0013017542372742788
1.6813828676103653 0.001274588512529001
1.6813878716054957 0.0011280490912563372
1.6813928756006262 0.00108073943826579
1.681397879595757 0.0010189526426757159
1.6814028835908876 0.0009473555418475577
1.6814078875860181 0.0008665766844300383
1.6814128915811486 0.0008222577963559218
1.681417895576279 0.0007554261249759773
1.6814228995714096 0.0007184126981395451
1.68142790356654 0.0006942357913828292
1.6814329075616705 0.0006262172115385736
1.681437911556801 0.0005598246277621689
1.6814429155519315 0.0005395938609665268
1.6814479195470622 0.000492855945529609
1.6814529235421927 0.0004935543682207312
1.6814579104588416 0.0004475370553223305
1.6814629144539721 0.0003891186083126514
1.6814679184491026 0.0003789422243057807
1.681472922444233 0.00034570606596540565
1.6814779264393636 0.00032271265770622884
1.681482930434494 0.0003056321242918136
1.6814879344296245 0.0002909236314447843
1.6814929384247552 0.00025829440566629657
1.681497942419886 0.00024882327388368934
1.6815029464150164 0.00023545992426880256
1.681507950410147 0.00021225747813391122
1.6815129544052774 0.00019585875972036058
1.6815179584004079 0.00018703504995960866
1.6815229623955383 0.000148450956435185
1.6815279663906688 0.00014884080149689337
1.6815329703857993 0.00013009362042382363
1.68153797438093 0.00011438155594319011
1.6815429783760605 0.0001045312153923485
1.681547982371191 0.00011097802711965101
1.6815529863663214 8.664110848306829e-05
1.681557990361452 7.450286949133223e-05
1.6815629943565826 6.938330769119216e-05
1.6815679983517131 6.0484486787585575e-05
1.6815730023468436 5.079441933759557e-05
1.681578006341974 4.966540713773782e-05
1.6815830103371048 4.746188689084537e-05
1.6815880143322353 3.960691351038967e-05
1.6815930183273657 3.944536690059954e-05
1.6815980223224962 3.4100519873234104e-05
1.6816030263176267 3.411017912089879e-05
1.6816080303127572 2.9189388709893125e-05
1.6816130343078877 2.73853313461255e-05
1.6816180212245366 2.752390181915578e-05
1.6816230252196671 2.474839277659138e-05
1.6816280292147978 2.3799673546456253e-05
1.6816330332099283 2.5565011946034683e-05
1.6816380372050588 2.4711892155230867e-05
1.6816430412001893 2.6337588018354903e-05
1.6816480451953197 2.383312550573237e-05
1.6816530491904502 2.067945076742309e-05
1.6816580531855807 2.424733429121013e-05
1.6816630571807114 2.5208789975666113e-05
1.6816680611758419 2.764381640743108e-05
1.6816730651709726 2.6228291394326044e-05
1.681678069166103 2.6097746001161572e-05
1.6816830731612336 2.9404852144895254e-05
1.681688077156364 3.1716481323302686e-05
1.6816930811514945 2.9562965734210055e-05
1.681698085146625 3.150286122000322e-05
1.6817030891417555 3.3855559859986306e-05
1.681708093136886 3.7037699177649985e-05
1.6817130971320164 4.0539930516716745e-05
1.6817181011271471 3.76638750159437e-05
1.6817231051222779 4.061392850795648e-05
1.6817281091174083 4.249795183742594e-05
1.6817331131125388 4.364635693969537e-05
1.6817381171076693 4.686353013298772e-05
1.6817431211027998 5.456158776711229e-05
1.6817481250979303 5.3975043373667163e-05
1.6817531290930607 5.408439799420125e-05
1.6817581330881912 4.9401598303523665e-05
1.681763137083322 6.073331684334553e-05
1.6817681410784524 6.0312037453617066e-05
1.6817731450735829 6.348658988028189e-05
1.6817781490687134 7.161434102129011e-05
1.6817831359853623 6.445253449860628e-05
1.6817881399804928 7.092461712399476e-05
1.6817931439756233 6.359280769445948e-05
1.6817981479707538 7.55895917887739e-05
1.6818031519658843 7.227631466769255e-05
1.681808155961015 8.078598042903575e-05
1.6818131599561454 8.103058979402098e-05
1.681818163951276 8.664589657996304e-05
1.6818231679464064 8.758949048007019e-05
1.681828171941537 8.641477430321333e-05
1.6818331759366676 9.058160257954025e-05
1.681838179931798 8.685323517224517e-05
1.6818431839269286 9.953710378601087e-05
1.681848187922059 9.648104528275784e-05
1.6818531919171897 9.853964650938651e-05
1.6818581959123202 9.911833543230035e-05
1.6818631999074507 0.00011285141268798114
1.6818682039025812 0.00010490471301054993
1.6818732078977117 0.00010661369614931165
1.6818782118928421 0.00011429546530017043
1.6818832158879726 0.00012348209809277634
1.6818882198831033 0.0001079125611456084
1.6818932238782338 0.0001213738142114559
1.6818982278733645 0.00012180636977417781
1.681903231868495 0.00012017662409568454
1.6819082358636255 0.000128654505538419
1.681913239858756 0.0001301595384772641
1.6819182438538864 0.00012454979010867012
1.681923247849017 0.00013035088977259243
1.6819282518441474 0.00013353681081223473
1.6819332558392779 0.0001295689680949332
1.6819382427559268 0.00012900751210646552
1.681943263829539 0.00015692458904810935
1.681948250746188 0.00013507936177278472
1.6819532547413185 0.00013749471337117877
1.681958258736449 0.00014528273265679086
1.6819632627315795 0.00014501636004374878
1.68196826672671 0.00015128400038965303
1.6819732707218404 0.000148247029517964
1.681978274716971 0.00016046562056806383
1.6819832787121014 0.0001375757851421945
1.6819882827072323 0.00014664423692241336
1.6819932867023628 0.00014235410656869346
1.6819982906974933 0.00015057296417693092
1.6820032946926238 0.00015429896040580377
1.6820082986877543 0.000145301132743877
1.6820133026828847 0.000154989757941639
1.6820183066780152 0.0001617618108486572
1.6820233106731457 0.0001619791068707704
1.6820283146682762 0.00014982352127526063
1.6820333186634069 0.00015344615128827727
1.6820383226585374 0.00015779346028216602
1.6820433266536678 0.00016261215301804316
1.6820483306487983 0.00017231456975274592
1.682053334643929 0.0001624665656132263
1.6820583386390595 0.00017164059050835863
1.68206334263419 0.00016676925935440562
1.6820683466293205 0.00016152806851790538
1.6820733506244512 0.00016660000112368452
1.6820783546195817 0.00017049553106899314
1.6820833586147121 0.00016600990460126196
1.6820883626098426 0.00016863860460855268
1.682093366604973 0.00017021193151981048
1.6820983706001036 0.00017590776066453
1.6821033575167526 0.0001714458590432891
1.682108361511883 0.00017926726801421617
1.6821133655070135 0.00016542075550826342
1.682118369502144 0.00017175682366364677
1.6821233734972747 0.0001721384943551575
1.6821283774924052 0.00017051790962421495
1.6821333814875357 0.00018474598123694217
1.6821383854826661 0.00017066324536409928
1.6821433894777966 0.00016793955574480145
1.682148393472927 0.00017134719527390655
1.6821533974680576 0.0001652521048915055
1.6821584014631883 0.0001694727981062988
1.682163405458319 0.00016295774263932737
1.6821684094534495 0.00016908535747124574
1.68217341344858 0.00016635390500950513
1.6821784174437104 0.00016199402638490324
1.682183421438841 0.0001682123971976154
1.6821884254339714 0.00017123202787763572
1.6821934294291019 0.00016047559699331536
1.6821984334242324 0.00016318340841297825
1.6822034374193628 0.0001707430362396357
1.6822084414144935 0.0001705453960790769
1.6822134454096243 0.00016068191537256543
1.6822184494047547 0.00015582028702666715
1.6822234533998852 0.00015344615128827727
1.6822284573950157 0.00016494759965440678
1.6822334613901462 0.0001720643903299812
1.6822384653852767 0.0001674322062648168
1.6822434693804071 0.000161064563517827
1.6822484733755376 0.00016263948858270084
1.6822534773706683 0.00016573376637165802
1.6822584642873173 0.00015801306600948085
1.6822634853609293 0.00016139905961706587
1.6822684722775783 0.00016682341220257283
1.6822734762727087 0.0001641473969210715
1.6822784802678392 0.00016015776514662454
1.6822834842629697 0.0001575516660368766
1.6822884882581002 0.0001661437467020807
1.6822934922532307 0.0001547985898054618
1.6822984962483614 0.00014763318866752365
1.6823035002434918 0.00016387737546207082
1.6823085042386223 0.00015977506393268008
1.6823135082337528 0.00017121389212762931
1.6823185122288835 0.00014214840795239583
1.682323516224014 0.0001529843480227012
1.6823285202191445 0.00014594358157848076
1.682333524214275 0.000151924564467655
1.6823385282094054 0.0001631837841570942
1.6823435322045361 0.00015501581216004065
1.6823485361996666 0.00015210272684365976
1.682353540194797 0.00014782197484863768
1.6823585441899276 0.00015817141506006507
1.682363548185058 0.00014793842815027258
1.6823685521801885 0.00015344721126039974
1.682373556175319 0.0001499947298014641
1.6823785601704495 0.00012785007878866758
1.6823835641655802 0.00015121191030454046
1.682388568160711 0.0001407012643342736
1.6823935721558414 0.00014494358538345557
1.6823985761509719 0.00015463756412498485
1.6824035801461024 0.00014332897662474434
1.6824085841412328 0.0001343674267076394
1.6824135881363633 0.00014322802388163893
1.6824185921314938 0.00014961701985378694
1.6824235790481428 0.0001331248097105623
1.6824286001217548 0.00014744430408528857
1.682433587038404 0.00014073010120935393
1.6824385910335344 0.00013842036815687428
1.682443595028665 0.00013679933933894228
1.6824485990237954 0.00013125474119989692
1.6824536030189259 0.00013379072279833768
1.6824586070140564 0.00012409720496029083
1.6824636110091868 0.00012316718055090326
1.6824686150043173 0.00012218559274141451
1.6824736189994478 0.0001266584007166016
1.6824786229945787 0.0001298760285609824
1.6824836269897092 0.0001261391790054757
1.6824886309848397 0.0001228004617988791
1.6824936349799702 0.00013346580184868525
1.6824986389751007 0.00012543680974561245
1.6825036429702311 0.00012609590994559674
1.6825086469653616 0.0001205407807242177
1.682513650960492 0.0001260660077956873
1.6825186549556226 0.00012413149902287907
1.6825236589507533 0.00012842867442148213
1.6825286629458838 0.00012091773402854715
1.6825336669410142 0.00011055184629394403
1.6825386709361447 0.00011498336124873494
1.6825436749312754 0.00011416079907864507
1.682548678926406 0.00011542317061976945
1.6825536829215364 0.00011649465512106555
1.6825586869166669 0.00010770825751288345
1.6825636909117974 0.0001179687560722761
1.682568694906928 0.00011048491858727354
1.6825736989020585 0.00011335743230256033
1.682578702897189 0.00010615635546098511
1.6825837068923195 0.00011354996377342128
1.6825886938089685 0.00011368652714104312
1.682593697804099 0.00010473431581702632
1.6825987017992294 0.00010467838171390506
1.68260370579436 0.00010901794719115669
1.6826087097894904 0.00010603420876696093
1.682613713784621 0.00010440805369235172
1.6826187177797516 0.00010394054747355497
1.682623721774882 9.831074789677881e-05
1.6826287257700125 9.97171827172855e-05
1.682633729765143 0.00010834852414209426
1.6826387337602735 0.00010494336845524708
1.682643737755404 0.00011261467815892722
1.6826487417505347 9.227435114383796e-05
1.6826537457456652 9.433155639318408e-05
1.6826587497407959 9.36377565571951e-05
1.6826637537359264 9.511412128126877e-05
1.6826687577310568 9.190899135216094e-05
1.6826737617261873 9.050237994163535e-05
1.6826787657213178 9.898536754265042e-05
1.6826837697164483 8.885584473861513e-05
1.6826887737115788 8.758828039489853e-05
1.6826937777067092 9.507777284103349e-05
1.6826987817018397 0.00010047939234967534
1.6827037856969707 9.145279857631183e-05
1.6827087896921011 8.955379611977618e-05
1.6827137936872316 7.758754316346131e-05
1.682718797682362 8.805864530811435e-05
1.6827238016774926 9.548232817503017e-05
1.682728805672623 9.048821056965093e-05
1.6827338096677535 9.151072582340497e-05
1.682738813662884 8.706548026690789e-05
1.6827438005795328 9.544276226155589e-05
1.6827488216531452 8.654181515778242e-05
1.6827538085697942 7.914072053994876e-05
1.6827588125649247 8.016632960680292e-05
1.6827638165600551 7.799737737697295e-05
1.6827688205551856 7.86533092865456e-05
1.682773824550316 7.658787150878043e-05
1.6827788285454466 8.33422075941374e-05
1.682783832540577 8.359859913300826e-05
1.6827888365357075 8.371629506025327e-05
1.6827938405308382 8.170017748644894e-05
1.6827988445259687 8.342188520475555e-05
1.6828038485210992 8.533948152485676e-05
1.68280885251623 7.081936037714113e-05
1.6828138565113604 7.15647238852139e-05
1.6828188605064909 7.763776059731414e-05
1.6828238645016214 7.159109416112422e-05
1.6828288684967518 7.549844381849941e-05
