1.8988469683250004 0.0009762049376725659
1.898917016784992 0.0010358216879511795
1.8989870652449834 0.0007652053539227127
1.899057113704975 0.0010629871143784243
1.8991271621649666 0.001005645697773415
1.8991972106249584 0.0010234390882986272
1.89926725908495 0.48913304048142564
1.8993373075449416 0.7461789615795158
1.8994073560049332 0.7679023559129662
1.8994774044649247 0.8104066573114639
1.8995474529249166 0.8061762506230269
1.8996171678208127 0.8142898098541406
1.8996872162808043 0.7803635935991137
1.899757264740796 0.7808596828055627
1.8998273132007877 0.0011621575286830613
1.8998973616607793 0.0010425910681076485
1.8999674101207709 0.0011858643136884578
1.9000374585807625 0.001402016097211149
1.9001075070407543 0.0007582283175716293
1.9001775555007459 0.0009642663245717249
1.9002476039607374 0.0010573870811087461
1.9003176524207288 0.0007871672191350033
1.9003877008807204 0.000768749772038825
1.9004577493407122 0.0009412608599916938
1.9005277978007038 0.0009776986150739082
1.9005978462606954 0.0008611027972151473
1.900667894720687 0.0011754928720623913
1.9007379431806786 0.5996267514407232
1.9008079916406702 0.8030470665437808
1.900878040100662 0.8589106741727782
1.900947754996558 0.8393556148935342
1.9010178034565497 0.8417284376734915
1.9010878519165415 0.926923728735763
1.901157900376533 0.8890537128679541
1.9012279488365247 0.8778089408463069
1.9012979972965163 0.0011194997476000966
1.9013680457565079 0.0010415640940446857
1.9014380942164997 0.0012263967755554287
1.9015081426764913 0.0009989597729496177
1.9015781911364829 0.001001539310365936
1.9016482395964742 0.0011159738033931297
1.9204285652843207 0.0007565889602408532
1.9204986137443123 0.0007333917158405173
1.920568662204304 0.000916199393608459
1.9206387106642957 0.0007713473645245578
1.9207087591242873 0.0007887783830635173
1.9207788075842789 0.9947455385386765
1.9208488560442705 0.9028362744885187
1.9209189045042618 0.9178780831239791
1.9209889529642534 0.8618089500368322
1.9210590014242452 0.8481037822169607
1.9211290498842368 0.8808723946550056
1.9211990983442284 0.7995009792169057
1.92126914680422 0.3140392995391428
1.9213391952642116 0.0011182219166914673
1.9214092437242034 0.0008047129678773569
1.921479292184195 0.001011838033805934
1.9215493406441866 0.0006458549611951388
1.9216193891041782 0.0006935391789902304
1.9216894375641698 0.0009698911577558451
1.9217594860241614 0.000997904543521045
1.921829534484153 0.0006952163864388208
1.9218995829441445 0.0008385500709062416
1.9219696314041361 0.0007763078897588946
1.9220396798641277 0.0007352347072064151
1.9221097283241193 0.001135123199972209
1.9221797767841111 0.004134661879366959
1.9222498252441027 0.853202265584476
1.9223198737040943 0.8042387601132686
1.9223899221640859 0.8064677407460167
1.9224599706240775 0.8376565716398087
1.9225300190840693 0.8134652401317805
1.9226000675440607 0.8088481564983692
1.9226701160040522 0.7457993491122993
1.9227401644640438 0.19478297737462658
1.9228102129240354 0.0009040303275122013
1.9228802613840272 0.0009892134211084128
1.9229503098440188 0.0009087909634763263
1.9230203583040104 0.0010067369298339135
1.923090406764002 0.0007720207975529271
1.9231604552239936 0.0009929925724502986
