1.779095453562077 9.762723738498174e-06
1.779104129430768 9.638023924117922e-06
1.7791127967602174 1.001737657139638e-05
1.7791214726289077 7.995856659774744e-06
1.7791301399583577 9.57030987650077e-06
1.779138815827048 8.168701003489437e-06
1.7791474916957384 1.055336599721177e-05
1.779156159025188 8.443840089689229e-06
1.7791648348938787 8.649161371075949e-06
1.779173510762569 9.799975726669727e-06
1.7791821780920185 1.0813791706241602e-05
1.779190853960709 1.030628149137916e-05
1.7791995298293997 9.570684503531515e-06
1.7792081971588491 9.739126346302183e-06
1.7792168730275397 9.238022166604673e-06
1.7792255403569892 8.522911915071051e-06
1.7792342162256798 8.387972539409953e-06
1.7792428920943701 8.324957019747157e-06
1.7792515594238199 9.787212098300343e-06
1.7792602352925102 8.055917314623477e-06
1.77926890262196 8.20540459002287e-06
1.7792775784906505 1.0277843489871736e-05
1.7792862543593408 8.164940043716919e-06
1.7792949216887903 9.722254825983417e-06
1.7793035975574811 9.254990983799586e-06
1.7793122734261715 8.63628568114622e-06
1.779320940755621 9.202503684465283e-06
1.7793296166243115 9.014652706648074e-06
1.7793382924930021 9.698866912522846e-06
1.7793469598224516 8.557304775055267e-06
1.779355635691142 8.765163064681629e-06
1.779364303020592 1.0155890273202049e-05
1.7793729788892823 9.288466091498206e-06
1.7793816547579726 8.301431717247675e-06
1.779390322087422 8.592548655134058e-06
1.779398997956113 9.39041962930871e-06
1.7794076652855624 8.410426116461084e-06
1.7794163411542527 9.113810621292949e-06
1.7794250170229433 8.728748893585827e-06
1.779433684352393 7.805846378895542e-06
1.7794423602210834 9.400868980890873e-06
1.7794510360897737 8.665786797988878e-06
1.7794597034192234 1.2357169391348388e-05
1.779468379287914 9.594912089566756e-06
1.7794770551566044 9.792441821207946e-06
1.779485722486054 1.0431817964410028e-05
1.7794943983547444 8.762882735035804e-06
1.7795030656841941 8.264793367203265e-06
1.7795117415528847 8.7776447491737e-06
1.779520417421575 9.658017767040892e-06
1.7795290847510246 9.93369908358358e-06
1.7795377606197151 9.86642911363178e-06
1.7795464279491648 9.73973184463671e-06
1.7795551038178552 8.80898762737029e-06
1.7795637796865458 8.869966916732273e-06
1.7795724470159955 8.632369070333205e-06
1.7795811228846858 8.098526357761433e-06
1.7795897987533762 1.1363915611770655e-05
1.7795984660828261 8.555649805627628e-06
1.7796071419515165 8.95043205350125e-06
1.7796158178202068 8.651173063421586e-06
1.7796244851496563 8.519184031902794e-06
1.7796331610183471 8.813938178163154e-06
1.7796418283477966 9.102883822700583e-06
1.779650504216487 9.538520117456619e-06
1.7796591800851773 9.536653423527295e-06
1.7796678474146272 9.634540351698254e-06
1.7796765232833176 1.0467283815042833e-05
1.779685190612767 1.0554410949940666e-05
1.7796938664814577 9.419177910970989e-06
1.7797025423501482 8.918647515626226e-06
1.7797112096795977 9.233152315576565e-06
1.7797198855482883 1.0374018066780849e-05
1.7797285614169787 9.509857295884708e-06
1.7797372287464284 8.240849825779386e-06
1.7797459046151187 1.0026237779320871e-05
1.7797545804838093 9.623210815955346e-06
1.779763247813259 9.505172437510762e-06
1.7797719236819494 1.0071426786304064e-05
1.779780591011399 1.0527009139798948e-05
1.7797892668800894 9.413648977357144e-06
1.77979794274878 1.0119195816029386e-05
1.7798066100782297 9.906266334291857e-06
1.77981528594692 1.066109958253268e-05
1.7798239532763696 1.0791156723876702e-05
1.7798326291450601 1.0056642226223723e-05
1.7798413050137507 9.12739824495091e-06
1.7798499723432002 9.209138403491455e-06
1.7798586482118905 1.1001122482902139e-05
1.7798673240805813 1.0180544345559655e-05
1.7798759914100308 1.0577864512016554e-05
1.7798846672787212 1.0832208230927481e-05
1.7798933431474115 1.153694972253251e-05
1.7799020104768615 8.997710174855186e-06
1.7799106863455518 9.239277260452225e-06
1.7799193536750013 8.945095879786774e-06
1.779928029543692 9.711627137402235e-06
1.7799367054123825 8.79660315710501e-06
1.779945372741832 1.054649133075699e-05
1.7799540486105223 1.0918098297128154e-05
1.779962715939972 9.48256874815977e-06
1.7799713918086626 1.0143667383188866e-05
1.779980067677353 9.768952546798839e-06
1.7799887350068027 1.1500772165443837e-05
1.7799974108754932 1.1798722856915477e-05
1.7800060867441836 9.491656219117566e-06
1.7800147540736333 1.0776506618999171e-05
1.7800234299423237 1.1215121941283345e-05
1.7800321058110142 1.152205648623392e-05
1.7800407731404637 1.0988869098082476e-05
1.7800494490091543 1.1336004248394916e-05
1.7800581163386038 1.0780874736975359e-05
1.7800667922072944 1.0031248750755946e-05
1.780075468075985 1.1266629165400524e-05
1.7800841354054344 1.3164670694811171e-05
1.7800928112741248 1.1372422868907609e-05
1.7801014786035747 1.3301603559672862e-05
1.780110154472265 1.4931931880273708e-05
1.7801188303409554 1.3720249215638305e-05
1.780127497670405 1.1574307066020722e-05
1.7801361735390957 1.2426390579562227e-05
1.780144849407786 1.4067567250790276e-05
1.7801535167372355 1.4275522076960884e-05
1.780162192605926 1.698810747951107e-05
1.7801708684746167 1.1173571180933746e-05
1.7801795358040662 1.4510520797746315e-05
1.7801882116727565 1.5173787579277377e-05
1.7801968790022065 1.548763125605406e-05
1.7802055548708968 1.5191127191817919e-05
1.7802142307395872 1.8761519107633248e-05
1.7802228980690369 1.780332008214951e-05
1.7802315739377275 1.648177571732027e-05
1.780240241267177 1.7465177348559984e-05
1.7802489171358673 1.9216619900512365e-05
1.7802575930045579 1.9071243007286186e-05
1.7802662603340076 2.1445738199420695e-05
1.780274936202698 1.89897391871579e-05
1.7802836120713885 1.9306875675481323e-05
1.780292279400838 2.2078776337075613e-05
1.7803009552695286 2.078729598953094e-05
1.780309631138219 2.2495518101892477e-05
1.7803182984676686 2.491380150588782e-05
1.780326974336359 2.9517053333173173e-05
1.7803356416658087 2.764171596332755e-05
1.7803443175344993 2.9081781022139735e-05
1.7803529934031896 3.0344291379135094e-05
1.7803616607326391 3.4779393156120155e-05
1.78037033660133 3.607389193929247e-05
1.7803790039307794 3.4530351559545354e-05
1.7803876797994698 3.995480358070208e-05
1.7803963556681603 4.317426968630519e-05
1.78040502299761 4.257836690115974e-05
1.7804136988663004 5.290661792683051e-05
1.7804223747349908 4.8192116494147643e-05
1.7804310420644407 6.698414217519086e-05
1.780439717933131 6.360437654686942e-05
1.7804483938018214 6.030009550658232e-05
1.780457061131271 6.150154132329047e-05
1.7804657369999617 7.534093402769951e-05
1.7804744043294112 7.305921474208282e-05
1.7804830801981015 8.908898274317709e-05
1.780491756066792 9.421151767496761e-05
1.7805004233962418 0.00010163376167264354
1.7805090992649322 0.00010846459525868762
1.7805177665943819 0.00011158247751153665
1.7805264424630722 0.00012496546225188886
1.7805351183317628 0.00013894054561436713
1.7805437856612123 0.00014601517725488944
1.7805524615299029 0.00015048769839058322
1.7805611373985932 0.0001778037842708075
1.780569804728043 0.00018677941033712456
1.7805784805967335 0.00020701556488702643
1.7805871564654239 0.0002270894717167677
1.7805958237948736 0.00024573838514095023
1.780604499663564 0.00024752724036859394
1.7806131669930136 0.00026770963380543504
1.780621842861704 0.0002760101162476094
1.7806305187303946 0.00030127979002918465
1.7806391860598443 0.0003289606870312624
1.7806478619285346 0.00035358595026826166
1.7806565292579841 0.00038350850529724964
1.780665205126675 0.0004051827987970835
1.7806738809953653 0.00044714358039339307
1.7806825483248148 0.0004682286674572724
1.7806912241935051 0.0005110001175036053
1.780699900062196 0.0005451487241336365
1.7807085673916454 0.0005876476449253739
1.7807172432603358 0.0006637476553924414
1.7807259191290261 0.0006823984001841267
1.780734586458476 0.0007753146673489044
1.7807432623271664 0.0007888256064400755
1.7807519296566159 0.0008772977186332764
1.7807606055253065 0.0009803790000744315
1.780769281393997 0.001059358608308503
1.7807779487234465 0.0011703263949495895
1.780786624592137 0.0013040192424305396
1.7807952919215866 0.0014072329647017783
1.7808039677902772 0.001539532991235998
1.7808126436589675 0.0016808075879100257
1.7808213109884172 0.0017941262481775185
1.7808299868571078 0.0020437840239795778
1.7808386627257982 0.0022683757717950493
1.7808473300552479 0.0023644166012815413
1.7808560059239382 0.0027520162881697736
1.7808646817926288 0.003086156887284561
1.7808733491220785 0.003433025268292005
1.7808820249907689 0.0037556230857807606
1.7808906923202183 0.004245736134669
1.780899368188909 0.004877631649155924
1.7809080440575995 0.005120094774827695
1.780916711387049 0.005715957618315807
1.7809253872557393 0.006283216146930935
1.7809340545851893 0.007197057956664225
1.7809427304538796 0.0077942440480145555
1.78095140632257 0.008899036744612149
1.7809600736520195 0.009993117640003117
1.7809687495207103 0.010422358317518452
1.7809774253894006 0.012568052899477612
1.7809860927188501 0.014009544014167354
1.7809947685875407 0.01565189767435856
1.7810034444562313 0.01706656031802546
1.7810121117856808 0.02025862661175956
1.781020787654371 0.022179155203569292
1.781029454983821 0.02606603655636594
1.7810381308525114 0.029442860412936898
1.7810468067212017 0.032336052404593016
1.7810554740506515 0.03781185641021872
1.781064149919342 0.04308647847754455
1.7810728172487915 0.04854930307570653
1.781081493117482 0.05663814226158911
1.7810901689861725 0.06556574495387715
1.7810988363156222 0.06881165448389934
1.7811075121843125 0.08107874169098948
1.781116188053003 0.09100704226565948
1.7811248553824526 0.10165248502784105
1.7811335312511432 0.11541705803317308
1.7811422071198335 0.13751719333137405
1.7811508744492832 0.15469169565205415
1.7811595503179736 0.16838174269111045
1.7811682176474235 0.18158543050755363
1.7811768935161139 0.22060532942570973
1.7811855693848042 0.24086073095526261
1.7811942367142537 0.2555483022263419
1.7812029125829445 0.3045089066974217
1.781211579912394 0.3125496378328313
1.7812202557810843 0.3468198930699109
1.781228931649775 0.3814169596669389
1.7812375989792246 0.4020425325163326
1.781246274847915 0.4025863076239366
1.7812549507166053 0.42324418499934174
1.7812636180460553 0.45413607277926954
1.7812722939147456 0.48824746826954374
1.781280969783436 0.4794099020538933
1.7812896371128857 0.4759200483082944
1.7812983129815763 0.49806841290302944
1.7813069803110257 0.5286509293278501
1.781315656179716 0.545967762649447
1.7813243320484067 0.542653989228719
1.7813329993778564 0.5467678876548854
1.7813416752465467 0.54685728251269
1.7813503425759964 0.5622248017767641
1.7813590184446868 0.5538281164506078
1.7813676943133774 0.5638881914578966
1.781376361642827 0.5840055844549156
1.7813850375115174 0.5913287573341092
1.7813937133802078 0.596958306972152
1.7814023807096575 0.6304592195016536
1.781411056578348 0.5928488748922341
1.7814197324470384 0.6009702866253673
1.781428399776488 0.614187537623742
1.7814370756451785 0.6181145973780812
1.7814457429746282 0.6203560185377877
1.7814544188433186 0.6588506822620258
1.7814630947120091 0.645611116933789
1.7814717620414589 0.6658432478016202
1.7814804379101492 0.6514528674158772
1.7814891052395987 0.6462670292666179
1.7814977811082895 0.6381018445033114
1.7815064569769798 0.6589675062195888
1.7815151243064293 0.6700095608400408
1.7815238001751197 0.6721837357319697
1.7815324760438105 0.67714706435139
1.78154114337326 0.696738806088064
1.7815498192419503 0.6849486278628977
1.781558495110641 0.6747532732340381
1.7815671624400906 0.7061793275071873
1.781575838308781 0.7073738485378221
1.7815845056382307 0.7257900331610417
1.781593181506921 0.7211456696547992
1.7816018573756116 0.727349257783772
1.781610524705061 0.7299061114813488
1.7816192005737517 0.7175728525888936
1.7816278679032012 0.7436644139561562
1.7816365437718917 0.7284772608920638
1.781645219640582 0.7622158929551601
1.7816538869700318 0.7327131738049681
1.7816625628387224 0.7567265994855004
1.7816712387074127 0.7641717876642775
1.7816799060368624 0.7577745232646902
1.7816885819055528 0.7340167999028395
1.7816972577742434 0.7265826112316709
1.781705925103693 0.7352177779965524
1.7817146009723834 0.7552208997713613
1.781723268301833 0.7494643854509296
1.7817319441705235 0.782978794189102
1.781740620039214 0.7554104702417792
1.7817492873686636 0.7551722104501384
1.781757963237354 0.7210792527427061
1.7817666305668038 0.7629744590954322
1.7817753064354942 0.7414263216223053
1.7817839823041846 0.7638727192053459
1.7817926496336343 0.7566203188790073
1.7818013255023248 0.7460123205562051
1.7818100013710152 0.7293718537466252
1.7818186687004647 0.7605696654046806
1.7818273445691553 0.7452551742693965
1.7818360204378458 0.7439504314931991
1.7818446877672953 0.7372435810947321
1.781853363635986 0.7428241249066154
1.7818620309654354 0.7485365307078797
1.781870706834126 0.7428326770346302
1.7818793827028163 0.7344766609244874
1.781888050032266 0.7617474340954906
1.7818967259009566 0.7341621660033973
1.781905393230406 0.7310498629000437
1.7819140690990967 0.7761130750751589
1.781922744967787 0.7494919972479004
1.7819314122972367 0.7442725469324147
1.7819400881659273 0.7654044802269708
1.7819487640346177 0.7780598408281094
1.7819574313640671 0.7405715089759005
1.7819661072327577 0.796810411226815
1.7819747831014483 0.7552139439618516
1.7819834504308978 0.7818636093040244
1.7819921262995881 0.7685869390041209
1.782000793629038 0.7791929240409107
1.7820094694977284 0.8132311397062062
1.7820181453664188 0.8006265723495449
1.7820268126958683 0.8059628056011476
1.782035488564559 0.7901763007036953
1.7820441558940086 0.760934018134582
1.782052831762699 0.8491804750363126
1.7820615076313895 0.8132442475491389
1.7820701749608392 0.7973022689437912
1.7820788508295295 0.8050354405669647
1.78208752669822 0.8098545005328954
1.7820961940276698 0.7989691305935197
1.7821048698963602 0.8120990454200088
1.7821135457650505 0.8465624479283139
1.7821222130945003 0.8447554454527371
1.7821308889631908 0.8145429703624147
1.7821395562926403 0.8289493588905255
1.782148232161331 0.8400768170785962
1.7821569080300212 0.8108042192471706
1.782165575359471 0.8010838935927453
1.7821742512281613 0.8369355201071437
1.782182918557611 0.825439029665308
1.7821915944263014 0.8487953662576637
1.782200270294992 0.8354587271616908
1.7822089376244417 0.8334335901724005
1.782217613493132 0.8598209050016845
1.7822262893618224 0.8173875151999095
1.7822349566912723 0.8273933004224865
1.7822436325599627 0.8269209597153613
1.782252308428653 0.8238857664526865
1.7822609757581025 0.8376816460970441
1.7822696516267933 0.8268543204450194
1.7822783189562428 0.8480080988896916
1.7822869948249331 0.8340632769047832
1.7822956706936237 0.818587295315584
1.7823043380230734 0.8341900396467349
1.7823130138917638 0.7871780943271521
1.7823216812212133 0.841951354591674
1.782330357089904 0.9186625238112645
1.7823390329585944 0.8086060753099973
1.782347700288044 0.8070603287853371
1.7823563761567345 0.824984900812805
1.782365052025425 0.8212322577745671
1.7823737193548745 0.8007888177380055
1.782382395223565 0.806530879877824
1.7823910710922555 0.8341765942002424
1.7823997384217052 0.8206273743597347
1.7824084142903955 0.7983788068777561
1.7824170816198452 0.820551795265971
1.7824257574885356 0.8141998161917421
1.7824344333572262 0.8226498067101602
1.7824431006866759 0.7915931000368105
1.7824517765553662 0.8111384714074158
1.7824604438848157 0.8151508767530984
1.7824691197535063 0.8163981276082238
1.7824777956221969 0.8351932966911695
1.7824864629516464 0.8033577727821591
1.782495138820337 0.7938382116962793
1.7825038146890273 0.8275457259393313
1.782512482018477 0.7963316921850101
1.7825211578871674 0.8018848344278869
1.782529833755858 0.8197416470153691
1.7825385010853076 0.7938893939870928
1.782547176953998 0.8443159623997999
1.7825558442834475 0.8432920381453893
1.7825645201521383 0.8244436930011072
1.7825731960208286 0.8062245155925982
1.7825818633502781 0.8349029585191406
1.7825905392189685 0.8378398253578654
1.7825992065484184 0.8008607324583361
1.7826078824171088 0.7932425463995686
1.7826165582857991 0.845802569159631
1.7826252256152488 0.8224452562573128
1.7826339014839394 0.8397287065193816
1.7826425773526298 0.8437426448805242
1.7826512446820795 0.8371263262640026
1.7826599205507698 0.8297571434978367
1.7826685964194604 0.8000829213222419
1.78267726374891 0.8674351169507706
1.7826859396176005 0.8454579261627682
1.78269460694705 0.8461921653380526
1.7827032828157405 0.8481428397388109
1.7827119586844309 0.8497379213610693
1.7827206260138806 0.8313731606505731
1.7827293018825712 0.8623468871235083
1.7827379692120209 0.8559019188019148
1.7827466450807112 0.8853439013155441
1.7827553209494016 0.8826326730486052
1.7827639882788513 0.8966273869522869
1.7827726641475419 0.8682264255580077
1.7827813400162322 0.9113915548519339
1.7827900073456817 0.8931635680868235
1.7827986832143723 0.8848486650181453
1.7828073590830629 0.9050425546594707
1.7828160264125124 0.8820130279240398
1.7828247022812027 0.894194511762154
1.7828333696106526 0.8917764513713249
1.782842045479343 0.8654002174732373
1.7828507213480334 0.8969020155955415
1.782859388677483 0.8638095476970401
1.7828680645461736 0.9593431965937842
1.7828767318756231 0.8939474708193311
1.7828854077443135 0.8915157088197085
1.782894083613004 0.8884316055913656
1.7829027509424538 0.9064503061804642
1.7829114268111441 0.9510141964468664
1.7829201026798345 0.9055386677095969
1.7829287700092844 0.8962372698440736
1.7829374458779748 0.8965159075969015
1.7829461217466651 0.8653543875610853
1.7829547890761148 0.8575708295838208
1.7829634649448054 0.8937498872063415
1.7829721322742549 0.9008116620736524
1.7829808081429455 0.8930689701813611
1.7829894840116358 0.8662455168767965
1.7829981513410855 0.9034081412959982
1.7830068272097759 0.8768049642221661
1.7830154945392256 0.8924399434175833
1.783024170407916 0.9171576650849914
1.7830328462766065 0.8965179719034427
1.7830415136060562 0.894381896658064
1.7830501894747466 0.903851327054835
1.783058865343437 0.8598605021294053
1.7830675326728869 0.8838630936624513
1.7830762085415772 0.9056888059029611
1.7830848844102676 0.8858536929486298
1.783093551739717 0.8666445295486154
1.7831022276084079 0.9284146824390633
1.7831108949378573 0.9469891431061901
1.7831195708065477 0.883472427388007
1.7831282466752385 0.8792006490021539
1.783136914004688 0.8937498872063415
1.7831455898733783 0.8445609557154627
1.783154257202828 0.8725835070412004
1.7831629330715186 0.859668473083618
1.783171608940209 0.8627719160287646
1.7831802762696585 0.8553502762897551
1.783188952138349 0.8475259411441406
1.7831976280070396 0.8961382195141869
1.7832062953364891 0.8623885863005005
1.7832149712051795 0.8384477430069353
1.78322364707387 0.8886975850162505
1.7832323144033198 0.8651870293690904
1.78324099027201 0.8829823042145241
1.7832496576014598 0.8420385990202847
1.7832583334701502 0.8809454158926526
1.7832670093388407 0.8688844001099865
1.7832756766682905 0.8620451246166947
1.7832843525369808 0.8987481304810536
1.7832930198664303 0.8795306937269254
1.7833016957351209 0.8776331114673892
1.7833103716038115 0.857645868799391
1.783319038933261 0.8578157186388252
1.7833277148019513 0.8304146455953608
1.783336390670642 0.8510596491020285
1.7833450580000916 0.8660720037076609
1.783353733868782 0.8851584099997961
1.7833624097374725 0.8926660131264458
1.7833710770669222 0.8769483191207743
1.7833797529356126 0.9305184744387445
1.783388420265062 0.851575189786521
1.7833970961337529 0.9082679718885606
1.7834057720024432 0.8988102159468143
1.7834144393318927 0.8752678975153898
1.783423115200583 0.8958762016445747
1.783431782530033 0.8926207946037624
1.7834404583987233 0.8724790350114373
1.7834491342674137 0.8790528777173506
1.7834578015968634 0.8853683646095474
1.783466477465554 0.9479730698158743
1.7834751533342443 0.8990399694640809
1.783483820663694 0.8725192150810099
1.7834924965323844 0.9192380652522871
1.783501172401075 0.8904427454299128
1.7835098397305245 0.8953647655495937
1.783518515599215 0.8833341078270218
1.7835271829286645 0.9054177411540741
1.783535858797355 0.8806493117069857
1.7835445346660457 0.9374691824203475
1.7835532019954952 0.8840279578050111
1.7835618778641857 0.9346844122227806
1.7835705451936354 0.9404203102312104
1.7835792210623258 0.9141869132621416
1.7835878969310162 0.9608376226408686
1.7835965642604659 0.9152695202675873
1.7836052401291564 0.9070954739707289
1.7836139159978468 0.9201529016885179
1.7836225833272963 0.9337895296801859
1.783631259195987 0.901305455894683
1.7836399350646774 0.8808338581087303
1.783648602394127 0.9345466821861207
1.7836572782628173 0.8823989852538306
1.7836659455922672 0.9582614120009701
1.7836746214609576 0.9173308517868797
1.783683297329648 0.8974577246533434
1.7836919646590976 0.8972593651909263
1.7837006405277882 0.939483160245192
1.7837093078572377 0.8964766866757232
1.783717983725928 0.904255168997363
1.7837266595946186 0.927376315192519
1.7837353269240683 0.8896639645164893
1.7837440027927587 0.90994470046605
1.7837526786614493 0.9238149795479078
1.783761345990899 0.9466425033939941
1.7837700218595893 0.936062829481008
1.7837786977282797 0.934682260034862
1.7837873650577294 0.9273378794572174
1.78379604092642 0.9124834578495746
1.7838047082558695 0.9192761652714254
1.78381338412456 0.9480843985741301
1.7838220599932504 0.9300557883475988
1.7838307273227 0.9081299523329781
1.7838394031913907 0.9265310968960477
1.7838480705208402 0.8846469815112775
1.7838567463895305 0.9034289432766786
1.783865422258221 0.8632587717509891
1.7838740895876708 0.9156299713233375
1.7838827654563612 0.8871069873395717
1.7838914413250515 0.8900799126985998
1.7839001086545014 0.9049362800873628
1.7839087845231918 0.8731804428699078
1.7839174603918821 0.9029568562663125
1.7839261277213316 0.8590253892977513
1.7839348035900224 0.8663632065076606
1.783943470919472 0.8851441430468555
1.7839521467881623 0.886970141060928
1.7839608226568529 0.8984129430648292
1.7839694899863026 0.8800391644081134
1.783978165854993 0.8558605332755209
1.7839868331844426 0.9252689746284695
1.7839955090531332 0.8848262534691699
1.7840041849218236 0.8718303830718581
1.784012852251273 0.8671375638644702
1.7840215281199636 0.8973812684174594
1.7840302039886542 0.8381485538230067
1.7840388713181037 0.8718123160862684
1.7840475471867943 0.8565860551657353
1.7840562230554846 0.8818119907437749
1.7840648903849343 0.898580521144042
1.7840735662536247 0.8595140890825811
1.7840822335830744 0.855121842850109
1.7840909094517647 0.8728145953798386
1.7840995853204553 0.8814750009255174
1.784108252649905 0.8773441810745056
1.7841169285185954 0.8728246440870645
1.7841255958480449 0.8481252636313941
1.7841342717167357 0.8561069051927888
1.784142947585426 0.8481350280905459
1.7841516149148755 0.850908770408632
1.7841602907835659 0.8534852106880547
1.7841689666522567 0.8215291917162909
1.7841776339817061 0.8254352283868505
1.7841863098503965 0.8553187646014969
1.7841949857190873 0.8429911203376794
1.7842036530485368 0.8977574132326621
1.7842123289172271 0.8299635124909881
1.7842209962466768 0.8718062938409407
1.7842296721153674 0.8522990414352245
1.7842383479840578 0.852110663113845
1.7842470153135073 0.8461200765186919
1.7842556911821978 0.9038221908001705
1.7842643585116476 0.8738441838603032
1.784273034380338 0.8769563961504793
1.7842817102490283 0.8378012422964359
1.784290377578478 0.8523912835065974
1.7842990534471685 0.894274814766906
1.784307729315859 0.8671315739110754
1.7843163966453086 0.8821897347971853
1.784325072513999 0.8553108868608275
1.7843337483826895 0.9020154991492628
1.7843424157121393 0.8639627138888034
1.7843510915808296 0.8864821598559125
1.784359758910279 0.9248557478835369
1.7843684347789697 0.8867924766492735
1.7843771106476602 0.8897090332516154
1.7843857779771097 0.8828765871653016
1.7843944538458003 0.8927359008035551
1.78440312117525 0.8930381252045729
1.7844117970439404 0.899013058358444
1.7844204729126307 0.9343164601092278
1.7844291402420807 0.8705645932881003
1.784437816110771 0.905874427795423
1.7844464919794614 0.9092681943596759
1.7844551593089109 0.9248919510960902
1.7844638351776017 0.9121242454646183
1.784472511046292 0.9305463286292166
1.7844811783757415 0.8852277098994662
1.7844898542444319 0.9112488641738289
1.7844985215738818 0.9247258539035025
1.7845071974425721 0.9180788868628241
1.7845158733112625 0.8955709546432735
1.7845245406407122 0.904519637472505
1.7845332165094028 0.9411850063854046
1.7845418838388523 0.936929687073342
1.7845505597075428 0.9021318168251306
1.7845592355762332 0.9099949872579781
1.784567902905683 0.8918935023487751
1.7845765787743733 0.9270880860040558
1.7845852546430638 0.922550184407177
1.7845939219725133 0.9293407914354611
1.784602597841204 0.905044638599365
1.7846112737098945 0.9058222829724469
1.784619941039344 0.9151746883128367
1.7846286169080345 0.94831801316686
1.7846372842374842 0.9245086948893181
1.7846459601061746 0.9279231292366885
1.784654635974865 0.9130530257253019
1.7846633033043147 0.9145216684494171
1.7846719791730052 0.8818627533834466
1.7846806465024547 0.9723687655973726
1.784689322371145 0.8732045700704923
1.7846979982398359 0.9096702673694863
1.7847066655692854 0.8876913745863798
1.7847153414379757 0.8734740357683985
1.784724017306666 0.9331318216805599
1.784732684636116 0.8964560447748221
1.7847413605048064 0.8637419245145318
1.7847500363734967 0.9524715229946957
1.7847587037029464 0.8872029965828812
1.784767379571637 0.9458907969120137
1.7847760469010865 0.9080421326268954
1.7847847227697768 0.9156763554484645
1.7847933986384674 0.863232931689606
1.7848020659679171 0.9087093569680667
1.7848107418366075 0.8675689492662261
1.7848194091660572 0.8829680723359838
1.7848280850347478 0.9184319851919929
1.7848367609034381 0.8886423365847509
1.7848454282328878 0.897106493028464
1.7848541041015782 0.9021276623641512
1.7848627799702688 0.8627242388080872
1.7848714472997183 0.85411431357309
1.7848801231684088 0.9094042929245657
1.7848887990370992 0.8719749324360122
1.784897466366549 0.8494268798769649
1.7849061422352395 0.8579283120675757
1.784914809564689 0.8537662837521522
1.7849234854333793 0.87130057371715
1.7849321613020699 0.8345051092741123
1.7849408286315196 0.8787412224927553
1.78494950450021 0.8461746296545611
1.7849581718296594 0.8473444710192625
1.7849668476983502 0.8594151395622459
1.7849755235670406 0.9050467225440579
1.78498419089649 0.8809738146753363
1.7849928667651804 0.9021837492016835
1.7850015426338712 0.8580310417705899
1.7850102099633207 0.8705886482090914
1.785018885832011 0.8668540847711687
1.7850275617007019 0.8768433245040339
1.7850362290301514 0.8318786914525176
1.7850449048988417 0.8604348654460588
1.7850535722282914 0.8814486155948644
1.785062248096982 0.8713467185444299
1.7850709239656724 0.8563710946537663
1.7850795912951218 0.895030839956689
1.7850882671638124 0.87981426662801
1.7850969344932621 0.8708172031115627
1.7851056103619525 0.853986489531315
1.785114286230643 0.849974702202976
1.7851229535600925 0.874327221458156
1.7851316294287831 0.8859434466495446
1.7851403052974735 0.8821592655693846
1.7851489726269232 0.8604626030360593
1.7851576484956135 0.8948762869520135
1.7851663243643041 0.9388754864394023
1.7851749916937538 0.8854845744873947
1.7851836675624442 0.9060538289115551
1.7851923348918937 0.8802702003466202
1.7852010107605845 0.9333810943584248
1.7852096866292748 0.871715965152857
1.7852183539587243 0.8574266937219528
1.7852270298274147 0.8988309120551321
1.7852356971568646 0.9240000612317748
1.785244373025555 0.8778412811185383
1.7852530488942453 0.9236958661219664
1.7852617162236952 0.9169021688172355
1.7852703920923856 0.9468256179951792
1.785279067961076 0.9126704723132466
1.7852877352905254 0.9232557051437082
1.7852964111592162 0.9420652841625098
1.7853050870279066 0.9313394514130092
1.785313754357356 0.9160306389865356
1.7853224302260466 0.9454291748528364
1.7853310975554963 0.9473948072627307
1.7853397734241867 0.9397471125878207
1.785348449292877 0.9304670535083389
1.7853571166223268 0.8994665145207091
1.7853657924910173 0.9905946999142314
1.7853744598204668 0.9345187082524347
1.7853831356891574 0.9296768143105915
1.7853918115578478 0.944332637956271
1.7854004788872975 0.9541397737739887
1.785409154755988 0.9214632091087662
1.7854178306246784 0.8888551642246391
1.785426497954128 0.9510426641573925
1.7854351738228185 0.9214844268275328
1.785443849691509 0.894077158803133
1.7854525170209585 0.9045487962105562
1.785461192889649 0.9111712330429194
1.7854698602190988 0.92298575851304
1.7854785360877892 0.8970300667147112
1.7854872119564795 0.894383956050856
1.7854958792859295 0.90223776204462
1.7855045551546198 0.9270859513073062
1.7855132224840693 0.9032001478311447
1.7855218983527597 0.8812720571714799
1.7855305742214505 0.9043051413654749
1.7855392415509 0.8800128220565803
1.7855479174195903 0.9089186191212592
1.7855565932882806 0.8692045679262133
1.7855652606177306 0.8963383950150648
1.785573936486421 0.8658646312718119
1.7855826123551113 0.877570468130654
1.785591279684561 0.8571779682661883
1.7855999555532516 0.837135964092481
1.785608622882701 0.8559590735331251
1.7856172987513916 0.8550174927047015
1.785625974620082 0.8318097373373984
1.7856346419495317 0.8487719134989911
1.785643317818222 0.8375157828585942
1.7856519851476718 0.8233282174704188
1.7856606610163623 0.8603041145648077
1.7856693368850527 0.8446348565402481
1.7856780042145024 0.8189888704343665
1.7856866800831928 0.8172407242462525
1.7856953559518833 0.8063117711398836
1.785704023281333 0.8044869433754785
1.7857126991500234 0.7860822683321842
1.7857213750187138 0.8084980932315408
1.7857300423481635 0.8179655254941999
1.785738718216854 0.7955362979548106
1.7857473855463035 0.8373133199419966
1.7857560614149939 0.813221777090605
1.7857647372836847 0.8149087856102663
1.7857734046131342 0.804966857972099
1.7857820804818245 0.8260759909064846
1.785790747811274 0.7994236643559354
1.7857994236799648 0.8276505347706794
1.7858080995486552 0.8246145623635287
1.7858167668781046 0.8170243497696644
1.7858254427467952 0.811033886090679
1.7858341186154858 0.7912577923458569
1.7858427859449353 0.8171993264360036
1.7858514618136256 0.819956853097565
1.7858601376823164 0.8315512103062236
1.785868805011766 0.8418660576685457
1.7858774808804563 0.8298259274601127
1.785886148209906 0.8426825484797391
1.7858948240785966 0.8468334415011423
1.785903499947287 0.8182706989149164
1.7859121672767366 0.8624521317808758
1.785920843145427 0.8521616781309654
1.7859295104748767 0.9085838228027053
1.785938186343567 0.8637478910529773
1.7859468622122576 0.8886321057706587
1.785955529541707 0.8614300151772318
1.7859642054103977 0.8799824280153834
1.7859728812790883 0.8615728401617413
1.7859815486085378 0.8645836133629853
1.785990224477228 0.8520674989463057
1.7859989003459187 0.8677247800632594
1.7860075676753684 0.8706728456669599
1.7860162435440587 0.8894734719039317
1.7860249108735082 0.8788970362910072
1.786033586742199 0.9151156867221906
1.7860422626108894 0.8969433204108308
1.7860509299403389 0.9224376060106673
1.7860596058090292 0.8678686487189684
1.7860682731384792 0.8661338262531265
1.7860769490071695 0.8519144799700847
1.7860856248758599 0.8749031899546837
1.7860942922053098 0.896827671721283
1.7861029680740002 0.8964498522972355
1.7861116439426905 0.8823420967227328
1.7861203112721402 0.8310152622161844
1.7861289871408308 0.8508989740157722
1.7861376630095211 0.8806432284180639
1.7861463303389706 0.8703761860673788
1.7861550062076612 0.8567517496209388
1.786163673537111 0.8402780133967821
1.7861723494058013 0.8420385990202847
1.7861810252744919 0.814055472132474
1.7861896926039413 0.8415908401752021
1.786198368472632 0.8400226570705609
1.7862070358020816 0.8467281531198689
1.786215711670772 0.8226422298603252
1.7862243875394623 0.8413040895283892
1.786233054868912 0.8395411734232162
1.7862417307376026 0.794844182571428
1.786250406606293 0.8245253261679123
1.7862590739357425 0.7992046461831379
1.7862677498044333 0.8085967659421095
1.7862764256731236 0.7743690736158511
1.786285093002573 0.7905566568854182
1.7862937688712637 0.768098646814046
1.7863024362007134 0.7547115562138712
1.7863111120694037 0.7698728424495636
1.786319787938094 0.7765885803424842
1.786328455267544 0.7734655943866043
1.7863371311362344 0.7620579532951045
1.7863457984656839 0.7576192483869
1.7863544743343742 0.7290091847386746
1.786363150203065 0.7635755259863007
1.7863718175325145 0.7632345118187823
1.7863804934012049 0.7867323346280264
1.7863891692698954 0.7523882420625247
1.7863978365993451 0.7536019264790673
1.7864065124680355 0.750279361242999
1.7864151883367259 0.7422975036145288
1.7864238556661756 0.7633100842935825
1.7864325315348661 0.7607763440933326
1.7864411988643156 0.771269220393666
1.7864498747330062 0.7572041752270746
1.7864585506016966 0.7464178213390803
1.7864672179311463 0.7555270188231961
1.7864758937998368 0.7522756420222787
1.7864845611292863 0.7350332748879477
1.7864932369979767 0.7747346852893954
1.7865019128666673 0.7590283547819691
1.786510580196117 0.7965169094911787
1.7865192560648073 0.7422496474685858
1.786527931933498 0.7116771138717521
1.7865365992629476 0.7161961795534774
1.786545275131638 0.7414126641705279
1.7865539510003283 0.7116263160742347
1.7865626183297783 0.7116869461223512
1.7865712941984686 0.6731936332973388
1.786579961527918 0.6681854277331952
1.7865886373966084 0.6422971574427558
1.7865973132652992 0.6308338657612618
1.7866059805947487 0.6103486664211045
1.786614656463439 0.572679978522936
1.7866233237928888 0.5498851608381448
1.7866319996615794 0.5240744654135907
1.7866406755302697 0.4970361767694003
1.7866493428597192 0.45869076880235266
1.7866580187284098 0.42756288615158644
1.7866666945971004 0.39786615784473156
1.7866753619265499 0.37669772728497664
1.7866840377952404 0.3510605266420606
1.7866927136639308 0.33575616830183436
1.7867013809933805 0.30470950383412904
1.7867100568620709 0.2796301527945067
1.7867187241915206 0.24970198800201537
1.7867274000602111 0.22876522116621198
1.7867360759289015 0.21271445335183495
1.7867447432583512 0.1943161960073043
1.7867534191270416 0.17670099702711986
1.7867620864564913 0.1625481383788666
1.7867707623251818 0.14997297271495588
1.7867794381938722 0.14122578583568815
1.7867881055233217 0.11881793492564133
1.7867967813920123 0.1108725407717326
1.7868054572607028 0.10426846978430064
1.7868141245901523 0.09457753702707451
1.7868228004588427 0.08577900415052102
1.7868314763275333 0.07728674197741087
1.786840143656983 0.07114133325335187
1.7868488195256733 0.06070521477730828
1.7868574868551228 0.05699595041860238
1.7868661627238136 0.053907103842789766
1.786874838592504 0.04783921008236997
1.7868835059219534 0.0444681436564351
1.786892181790644 0.04181344977103238
1.7869008491200937 0.03877412446000662
1.786909524988784 0.034808715709593464
1.7869182008574744 0.030978971848689453
1.7869268681869244 0.02923162778210419
1.7869355440556147 0.02666748134769926
1.786944219924305 0.025012263773437036
1.7869528872537548 0.02242394399087568
1.7869615631224454 0.02017107294810627
1.7869702389911357 0.01895531474068451
1.7869789063205854 0.017451911420463373
1.7869875821892758 0.01624744217580976
1.7869962495187255 0.01455221156425687
1.7870049253874158 0.013787229346172042
1.7870136012561064 0.012700008160040282
1.787022268585556 0.011703829866161338
1.7870309444542465 0.0112075581276905
1.7870396117836962 0.010053331424076986
1.7870482876523865 0.009141616536932112
1.787056963521077 0.008609243670822646
1.7870656308505268 0.008098638243810696
1.7870743067192172 0.00770188447318108
1.7870829825879075 0.006882845167081716
1.787091649917357 0.0062917288806344646
1.7871003257860478 0.006018537903942454
1.7871090016547382 0.005850149977162674
1.7871176689841877 0.005350384582803285
1.787126344852878 0.0051666257011656076
1.787135012182328 0.0046320367887043
1.7871436880510183 0.004138100176484052
1.7871523639197087 0.004068028623048129
1.7871610312491586 0.0037066450518312825
1.787169707117849 0.0035813024514668667
1.7871783744472984 0.003443776832072216
1.787187050315989 0.0030843595577288167
1.7871957261846796 0.002861343517546419
1.787204393514129 0.0027310270392026793
1.7872130693828194 0.0024849576977794357
1.78722174525151 0.002530923393242552
1.7872304125809597 0.002256295618281825
1.78723908844965 0.0020526693614597506
1.7872477643183404 0.001991370182528045
1.7872564316477901 0.0018945758626990367
1.7872651075164807 0.0018054646932345907
1.7872737748459304 0.001748670566151914
1.7872824507146208 0.0016134963972058458
1.7872911265833111 0.0015390013471955886
1.7872997939127608 0.001395240261789065
1.7873084697814514 0.001312601813664226
1.787317137110901 0.0013060836715249554
1.7873258129795913 0.001209027001011428
1.7873344888482818 0.0011476223564422282
1.7873431561777315 0.0010772561943202114
1.787351832046422 0.0010512039884322932
1.7873605079151125 0.0009995902238346432
1.7873691752445622 0.0009899060989279485
1.7873778511132525 0.0008646134755387829
1.787386526981943 0.0008590867088369566
1.7873951943113928 0.000809723977929026
1.7874038701800832 0.000757746606333805
1.7874125375095327 0.0007300473014934451
1.787421213378223 0.0006910778922420537
1.7874298892469138 0.0006521927999637016
1.7874385565763633 0.000637636251483684
1.7874472324450537 0.000591238899566561
1.7874558997745034 0.0005645091685899206
1.787464575643194 0.0005177260290506427
1.7874732515118843 0.0005062219821422169
1.787481918841334 0.0004918107303909802
1.7874905947100244 0.0004565380715535635
1.787499270578715 0.00044248851208587587
1.7875079379081644 0.0004198643490677424
1.787516613776855 0.0004345592512787825
1.7875252896455454 0.00036697966509773884
1.787533956974995 0.00036250917257016373
1.7875426328436856 0.00033605936311711536
1.7875513001731351 0.00032076354164184114
1.7875599760418257 0.0003017706511678053
1.787568651910516 0.00028897082643773985
1.7875773192399658 0.0002812470656530492
1.7875859951086561 0.0002643625911763434
1.7875946624381058 0.0002639125238754154
1.7876033383067964 0.00023660776869719453
1.7876120141754868 0.00022395512226149216
1.7876206815049362 0.00020841549299382685
1.7876293573736268 0.0001960988288666908
1.7876380332423174 0.00015667438549694457
1.787646700571767 0.00016797939006540428
1.7876553764404572 0.00015953133518373106
1.787664052309148 0.00013736244104621862
1.7876727196385975 0.00012420697932368491
1.7876813955072879 0.00011755009921075305
1.7876900628367376 0.00011430257124698994
1.7876987387054282 0.0001160213728358674
1.7877074145741185 9.092828501495164e-05
1.787716081903568 8.967368153546331e-05
1.7877247577722586 7.009063587500525e-05
1.7877334251017083 7.078137581583945e-05
1.7877421009703987 6.44238982251296e-05
1.7877507768390892 5.3096146143328716e-05
1.7877594441685387 5.125508994773433e-05
1.7877681200372293 4.7927745450177325e-05
1.7877767959059196 3.522783876949181e-05
1.7877854632353694 3.31861597924464e-05
1.78779413910406 2.839330842311982e-05
1.7878028149727503 2.7340219691130806e-05
1.7878114823022 2.5797522505506778e-05
1.7878201581708904 2.5671130827218723e-05
1.78782882550034 1.976855839866762e-05
1.7878375013690306 1.7774402069885415e-05
1.787846177237721 1.5767251680993415e-05
1.7878548445671705 1.468716588291402e-05
1.787863520435861 1.1554522430433083e-05
1.7878721877653108 1.3693106942854726e-05
1.7878808636340011 9.77748143482016e-06
1.7878895395026915 1.1644718651725259e-05
1.7878982068321414 1.1983232896548526e-05
1.7879068827008318 1.2361438143598208e-05
1.7879155585695221 1.0036909309200966e-05
1.7879242258989716 1.1500163106921109e-05
1.7879329017676624 1.0927831755326618e-05
1.7879415776363528 1.284857606696649e-05
1.7879502449658022 1.407958973212585e-05
1.7879589208344928 1.245024793256937e-05
1.7879675881639425 1.5039347698041555e-05
1.7879762640326329 1.8994855758709027e-05
1.7879849399013232 1.817925158741437e-05
1.7879936072307732 1.9140487725840752e-05
1.7880022830994635 2.3590872314820532e-05
1.788010950428913 2.407592601091746e-05
1.7880196262976036 3.225254575376162e-05
1.7880283021662942 3.674904013229248e-05
1.7880369694957436 4.0505033901537155e-05
1.7880456453644342 4.662458722987583e-05
1.7880543212331246 4.674778091095881e-05
1.7880629885625743 6.179466753397388e-05
1.7880716644312646 6.323958335759547e-05
1.7880803402999552 7.651718775966178e-05
1.7880890076294047 8.376604291997619e-05
1.7880976834980953 8.959979169520892e-05
1.788106350827545 0.00010404590689660589
1.7881150266962353 0.00011479765058246396
1.7881237025649257 0.0001221878435039402
1.7881323698943756 0.0001381341310339612
1.788141045763066 0.00014628978444945325
1.7881497130925155 0.00018488130585761085
1.7881583889612058 0.00018202414509661523
1.7881670648298966 0.0001869089079291764
1.788175732159346 0.00023278232416822884
1.7881844080280365 0.000236326269761338
1.788193083896727 0.00026281491002684543
1.7882017512261768 0.00027140197268234325
1.788210427094867 0.00028647781790151105
1.7882191029635575 0.00032571668043509443
1.7882277702930074 0.0003595009149300234
1.7882364461616977 0.00037485300784208193
1.7882451134911472 0.000411965644547293
1.7882537893598378 0.0004244436103301025
1.7882624652285284 0.0004811549964603353
1.7882711325579779 0.0005084895123716725
1.7882798084266682 0.0005331556304706655
1.788288475756118 0.0005821702387384262
1.7882971516248085 0.0006341616862711078
1.7883058274934989 0.0006658447809641194
1.7883144948229486 0.000738528058706642
1.788323170691639 0.000778656655419885
1.7883318465603295 0.0008706427742115466
1.7883405138897792 0.0009384777920034106
1.7883491897584696 0.000977772908626946
1.78835786562716 0.0010800453712602848
1.7883665329566096 0.0011496059423127237
1.7883752088253002 0.001257256819613942
1.7883838761547497 0.0013502276585854016
1.78839255202344 0.001469504769569874
1.7884012278921306 0.0015778365059962779
1.7884098952215803 0.0017347224541224909
1.7884185710902707 0.0018605142469723243
1.7884272384197206 0.002088180327458341
1.788435914288411 0.0021538477456431704
1.7884445901571013 0.002491517833148153
1.7884532574865508 0.0024750216372743275
1.7884619333552416 0.0027809936678263015
1.788470609223932 0.003223264907951518
1.7884792765533815 0.003350526058636168
1.7884879524220718 0.003883667135799275
1.7884966282907626 0.004309104239226298
1.788505295620212 0.004574693478187884
1.7885139714889025 0.004798284559726857
1.7885226388183522 0.005222013617467488
1.7885313146870427 0.006043464842932854
1.788539990555733 0.0064425678347815015
1.7885486578851828 0.007140900800287631
1.7885573337538732 0.0076195618730024615
1.7885660010833229 0.008557639748292298
1.7885746769520132 0.00926970684981802
1.7885833528207038 0.010311764831355506
1.7885920201501533 0.011472234085837257
1.7886006960188439 0.012356543431654408
1.7886093718875342 0.014304806911281276
1.788618039216984 0.01578581467882269
1.7886267150856745 0.016087664474283437
1.7886353909543649 0.01895754082887171
1.7886440582838146 0.02018710305045327
1.788652734152505 0.02233263664739194
1.7886614014819546 0.025145541938313
1.7886700773506452 0.029859669743898348
1.7886787532193356 0.030804772089929648
1.788687420548785 0.03358984501556193
1.7886960964174756 0.037253578800403774
1.7887047637469253 0.04247545111149465
1.7887134396156157 0.047646718993615736
1.788722115484306 0.05495952872301835
1.788730782813756 0.058474026469629
1.7887394586824463 0.0681255466272131
1.7887481345511367 0.0703472297923746
1.7887568018805864 0.07937705830159511
1.788765477749277 0.08837694808009755
1.7887741536179673 0.09208353858393961
1.7887828209474168 0.09651570781522587
1.7887914968161074 0.09955681630572445
1.788800164145557 0.0984543705631343
1.7888088400142474 0.09791833046006712
1.7888175158829378 0.10383864204840271
1.7888261832123877 0.11516247768031182
1.788834859081078 0.13286328927592106
1.7888435264105278 0.15118928040918275
1.7888522022792182 0.187384644873799
1.7888608781479087 0.20510346624521208
1.7888695454773582 0.23146855475390318
1.7888782213460488 0.25626128526673153
1.7888868972147391 0.29606836134374875
1.7888955645441889 0.31983059057052615
1.7889042404128792 0.3680154062933716
1.7889129162815698 0.40580089449410145
1.7889215836110193 0.4238869047486009
1.7889302594797099 0.4567504669317413
1.7889389268091596 0.5019078635904236
1.78894760267785 0.5367301601287033
1.7889562785465403 0.5737636094976301
1.7889649458759902 0.5829509306967453
1.7889736217446806 0.624446161037007
1.78898228907413 0.6372795758282674
1.7889909649428204 0.6801661273039487
1.7889996408115112 0.7078170177687167
1.7890083081409607 0.6915681758962166
1.789016984009651 0.7189770040237745
1.7890256598783418 0.7597872475886233
1.7890343272077913 0.7629797295544826
1.7890430030764817 0.762221158174203
1.789051678945172 0.759867727691076
1.789060346274622 0.7686311836982838
1.7890690221433123 0.7982758667468948
1.7890776894727618 0.7969700481843202
1.7890863653414524 0.7840775154208202
1.789095041210143 0.7807302378336433
1.7891037085395924 0.8048593618784304
1.7891123844082828 0.828182405878652
1.7891210517377325 0.8332359512786103
1.789129727606423 0.7916733033603532
1.7891384034751134 0.8379903162760577
1.7891470708045631 0.8186758888538259
1.7891557466732535 0.8335237904858742
1.789164422541944 0.8403999153708327
1.7891730898713938 0.8447145988930831
1.7891817657400841 0.8224357875608851
1.7891904416087745 0.8613209287097123
1.7891991089382242 0.8402219057328949
1.7892077848069148 0.8496929208936534
1.7892164521363643 0.8671375638644702
1.7892251280050546 0.9038783829894692
1.7892338038737454 0.9106028390405929
1.789242471203195 0.8580270904007156
1.7892511470718853 0.9035329603651369
1.7892598144013352 0.9328869116676028
1.7892684902700255 0.9044050943868057
1.789277166138716 0.8649958024964222
1.7892858334681654 0.886161749279334
1.7892945093368562 0.9207039365088739
1.7893031852055465 0.9022481495005207
1.789311852534996 0.8717260012115639
1.7893205284036864 0.9121851545652248
1.7893292042723772 0.8949319229589927
1.7893378716018267 0.8892318303069089
1.789346547470517 0.8850707737782785
1.7893552147999667 0.8953791972408329
1.7893638906686573 0.934026073919012
1.7893725665373477 0.9082930686067929
1.7893812338667974 0.9476107961386464
1.7893899097354877 0.9301971402391903
1.7893985770649374 0.8950452662656401
1.7894072529336278 0.8811056781592088
1.7894159288023184 0.9109845257869817
1.7894245961317679 0.9018036733462472
1.7894332720004584 0.8896475764515711
1.789441947869149 0.9427509962117515
1.7894506151985985 0.8963363311220122
1.789459291067289 0.8760260080772441
1.7894679669359794 0.8787250356303257
1.7894766342654291 0.8938733718461914
1.7894853101341195 0.8730919821711928
1.7894939774635692 0.8425991176343054
1.7895026533322598 0.8580626533846725
1.7895113292009501 0.850344681988501
1.7895199965303996 0.8932088141054084
1.7895286723990904 0.8789698937783623
1.78953733972854 0.8578631245971584
1.7895460155972303 0.9003720399357322
1.7895546914659206 0.884683647820257
1.7895633587953705 0.8999637154548681
1.789572034664061 0.8658068151193853
1.7895807105327513 0.8834012307914803
1.789589377862201 0.8695869227375234
1.7895980537308915 0.8725372967160073
1.789606729599582 0.8696790333182904
1.7896153969290314 0.851437943143961
1.789624072797722 0.8775199525676718
1.7896327401271717 0.8866250554140788
1.789641415995862 0.9034788699846081
1.7896500918645526 0.8554723950477203
1.789658759194002 0.8552084828344991
1.7896674350626927 0.913261185296334
1.7896761023921424 0.8759130563917378
1.7896847782608327 0.8785065421687088
1.7896934541295233 0.9013614916142184
1.7897021214589728 0.9037805692084869
1.7897107973276634 0.9060162769010427
1.7897194731963537 0.9435827656839479
1.7897281405258034 0.8925057032453567
1.789736816394494 0.8823522551200029
1.7897454922631844 0.93668593706827
1.7897541595926338 0.9132822141543506
1.7897628354613244 0.929469193480117
1.7897715027907741 0.9019303475036164
1.7897801786594645 0.9059516076423515
1.7897888545281548 0.9436088381994765
1.7897975218576048 0.9254266458415418
1.7898061977262951 0.9208926357684667
1.7898148650557446 0.9428964486453193
1.789823540924435 0.9138922617146951
1.7898322167931258 0.8969061459914728
1.7898408841225752 0.9577606722709571
1.7898495599912656 0.9542298545348129
1.7898582358599562 0.9960840822823922
1.7898669031894059 0.9359442919496411
1.7898755790580962 0.934301400828519
1.7898842549267866 0.9566630496338202
1.7898929222562365 0.9519124347314272
1.7899015981249269 0.9693463961132088
1.7899102654543764 0.9847999094705872
1.789918941323067 0.935825769429177
1.7899276171917575 0.9380759460158633
1.789936284521207 0.9636492772209869
1.7899449603898976 0.958217283448226
1.789953627719347 0.9622036499737904
1.7899623035880377 0.9520483397138011
1.789970979456728 0.9234045283747776
1.7899796467861777 0.9303256606009783
1.789988322654868 0.9769739863081296
1.7899969985235586 0.9398228503088922
1.7900056658530084 0.9933058654980823
1.7900143417216987 0.9266655118967144
1.790023017590389 0.9342605268615471
1.790031684919839 0.9112215876174152
1.7900403607885293 0.9117861688995401
1.7900490281179788 0.9208417467668645
1.7900577039866692 0.9226946447369208
1.79006637985536 0.9369663629167782
1.7900750471848095 0.9190687509379124
1.7900837230534998 0.9264116332635719
1.7900923903829498 0.9060058460632239
1.7901010662516401 0.9184594775848386
1.7901097421203305 0.8750139966182989
1.7901184094497802 0.8923022744701928
1.7901270853184708 0.8854539914618279
1.7901357611871611 0.9115888405228761
1.7901444285166106 0.9177090193044987
1.7901531043853012 0.8987833117184241
1.7901617802539918 0.9004487509831895
1.7901704475834412 0.8850524324113953
1.7901791234521316 0.8854009833863752
1.7901877907815813 0.8909882976558704
1.7901964666502719 0.8953833206239122
1.7902051425189622 0.8900799126985998
1.790213809848412 0.8888326511985899
1.7902224857171023 0.8851726771826944
1.790231153046552 0.9095969595615793
1.7902398289152426 0.8811117646426313
1.790248504783933 0.8845023681109493
1.7902571721133824 0.8971250841974381
1.790265847982073 0.9268959829811475
1.7902745238507636 0.9183368255712117
1.790283191180213 0.8605319509231097
1.7902918670489036 0.8948804080191
1.7903005429175942 0.8774835831628616
1.7903092102470437 0.8681284719879828
1.790317886115734 0.9007577346047918
1.790326553445184 0.8841500992178916
1.7903352293138743 0.9263625723055201
1.7903439051825647 0.893856906241837
1.7903525725120142 0.8732528264716816
1.790361248380705 0.8580626533846725
1.7903699157101545 0.8881677508512684
1.7903785915788448 0.8626070435065786
1.7903872674475352 0.8655995061803394
1.790395934776985 0.8814181719639703
1.7904046106456755 0.8840625628254509
1.7904132865143658 0.8855110806306619
1.7904219538438155 0.9014320600686647
1.790430629712506 0.8971684650900084
1.7904393055811965 0.9201444268061263
1.7904479729106462 0.9033436581997418
1.7904566487793365 0.8809941000806107
1.7904653161087862 0.9101835874796784
1.7904739919774766 0.8945260656059845
1.7904826678461672 0.8970197393338613
1.7904913351756166 0.9202312980511069
1.7905000110443072 0.8989406093855005
1.790508678373757 0.882695677739122
1.7905173542424473 0.970471978398696
1.7905260301111379 0.9248174166148433
1.7905346974405876 0.9238830512589505
1.790543373309278 0.9205195150547401
1.7905520491779683 0.9373806838926618
1.790560716507418 0.9498455666025128
1.7905693923761086 0.9243086131089655
1.790578068244799 0.9253669833040721
1.7905867355742484 0.9297945580646626
1.7905954114429392 0.9415188079836923
1.7906040787723887 0.9131392274679513
1.790612754641079 0.9672060401344106
1.7906214305097694 0.9526513780054399
1.7906300978392193 0.9377541612650906
1.7906387737079097 0.9316118412571627
1.7906474410373592 0.9874201829743825
1.7906561169060498 0.9252988022569036
1.7906647927747403 0.9499024329110076
1.7906734601041898 0.9005462041702962
1.7906821359728802 0.9605389936553298
1.7906908118415708 0.9660797968092066
1.7906994791710205 0.9671704076034313
1.7907081550397108 0.934587568672413
1.7907168309084014 0.9575026839466073
1.790725498237851 0.9526996375667297
1.7907341741065415 0.961266926134006
1.7907428414359912 0.9655705249535108
1.7907515173046815 0.974401625991606
1.790760193173372 0.9454705374489838
1.7907688605028216 0.9371605530675419
1.7907775363715122 1.0
1.7907862037009616 0.9638845076794644
1.7907948795696522 0.9771179691240905
1.7908035554383428 0.9290947370951023
1.7908122227677923 0.9477002604957838
1.7908208986364826 0.9506223046049783
1.7908295745051732 0.962518310333659
1.790838241834623 0.9559606150565593
1.7908469177033133 0.9351903138266578
1.7908555935720036 0.9274190234334844
1.7908642609014536 0.9560728818620269
1.790872936770144 0.9716838845879026
1.7908816040995934 0.9625493387581575
1.7908902799682838 0.9600481166732645
1.7908989558369746 0.977716625113838
1.790907623166424 0.955976023445368
1.7909162990351144 0.9472530231578442
1.790924966364564 0.9847001407586319
1.7909336422332547 0.9717554835401613
1.790942318101945 0.9490388693683577
1.7909509854313947 0.9286883552544104
1.7909596613000853 0.9369642054744816
1.7909683371687757 0.9503071568753281
1.7909770044982252 0.9374065850359661
1.7909856803669157 0.9864498247721355
1.7909943562356063 0.9465705752045219
1.7910030235650558 0.9487941537361452
1.7910116994337464 0.9421216846732422
1.7910203667631959 0.939515609404365
1.7910290426318864 0.9439478464668055
1.7910377185005768 0.9581488882074697
1.7910463858300265 0.9088976907375746
1.7910550616987169 0.9422106308009222
1.7910637290281666 0.9551905121814334
1.7910724048968572 0.913307449423129
1.7910810807655475 0.9430853532055299
1.791089748094997 0.9280684309053625
1.7910984239636878 0.905077982290267
1.7911070998323781 0.9641619758707747
1.7911157671618276 0.9361684482907509
1.791124443030518 0.934383154127262
1.7911331188992088 0.937268453874656
1.7911417862286583 0.9313780530030266
1.7911504620973486 0.9175104091070574
1.7911591294267986 0.9477548160783175
1.791167805295489 0.9136881659822635
1.7911764811641793 0.909454549851646
1.7911851484936288 0.9369663629167782
1.7911938243623196 0.9703178036391046
1.791202491691769 0.9422453437628027
1.7912111675604594 0.9697460069184258
1.79121984342915 0.9786040302242587
1.7912285107585997 0.9594470237709946
1.79123718662729 0.999323269068395
1.7912458624959804 0.9825779185070322
1.79125452982543 0.9358624020600722
1.7912632056941207 0.935825769429177
1.791271881562811 0.9210474404354018
1.7912805488922607 0.9715093842420802
1.791289224760951 0.9689960350436377
1.7912978920904008 0.9572601942026117
1.7913065679590914 0.9291674768119003
1.7913152438277817 0.945359515623225
1.7913239111572312 0.9553972788560513
1.7913325870259218 0.9931503500264293
1.7913412543553715 0.930955667096854
1.7913499302240619 0.9699067906802822
1.7913586060927524 0.9608708093697808
1.7913672734222021 0.966994491223012
1.7913759492908925 0.9530177731101169
1.7913846251595829 0.9360757617562443
1.7913932924890328 0.9515135998996856
1.7914019683577231 0.9168873902194774
1.7914106442264135 0.9648593283451626
1.791419311555863 0.9222422195270878
1.7914279874245538 0.9476369799543052
1.7914366547540033 0.913959602265932
1.7914453306226936 0.9403661768446224
1.791454006491384 0.9416142016115248
1.791462673820834 0.9111439588102486
1.7914713496895243 0.9200257866482312
1.7914800170189737 0.9333510061918777
1.7914886928876643 0.9252498002322174
1.791497368756355 0.919989773912831
1.7915060360858044 0.9198203211413585
1.791514711954495 0.9442695822801709
1.7915233878231853 0.9333316643112723
1.791532055152635 0.9321353965094181
1.7915407310213254 0.8856497410795605
1.791549406890016 0.9321847632012017
1.7915580742194654 0.944837234973227
1.791566750088156 0.9322062277957185
1.7915754174176057 0.9244746353576955
1.791584093286296 0.9092367898911682
1.7915927691549867 0.9182839633756
1.7916014364844364 0.9799885465973305
1.7916101123531267 0.9300407977402517
1.7916187796825762 0.9385274945939144
1.7916274555512668 0.9230261392080668
1.7916361314199574 0.9137449715563084
1.7916447987494069 0.8929661577349473
1.7916534746180972 0.8942954064425518
1.791662150486788 0.9247130784319546
1.7916708178162375 0.9218452028056944
1.7916794936849278 0.9100788047535501
1.7916881695536182 0.9654504737691869
1.7916968368830681 0.8950349617355199
1.7917055127517585 0.9131013817983289
1.791714180081208 0.9284553006499124
1.7917228559498986 0.8945549021841468
1.7917315318185891 0.8902746350453143
1.7917401991480386 0.8975775880781878
1.791748875016729 0.9152758427472856
1.7917575423461787 0.8871621403157525
1.7917662182148693 0.9318199407030795
1.7917748940835596 0.9239362357732466
1.7917835614130093 0.9239043246972831
1.7917922372817 0.9045300511996204
1.7918009131503903 0.9069952236140894
1.79180958047984 0.8890557599921365
1.7918182563485303 0.9124582453482082
1.791826932217221 0.9043842699296742
1.7918355995466704 0.96398660668702
1.791844275415361 0.9118281591712047
1.7918529427448104 0.9141006126163476
1.791861618613501 0.929118269909733
1.7918702944821916 0.8953750738767424
1.791878961811641 0.9287845875182695
1.7918876376803314 0.9123826120238573
1.7918963050097814 0.9136481938063815
1.7919049808784717 0.9544693788944596
1.791913656747162 0.9344326398622227
1.7919223240766116 0.9065734581043154
1.7919309999453024 0.9129226873273554
1.7919396758139927 0.8944766336346365
1.7919483431434422 0.9337185780907747
1.7919570190121326 0.9506026048103734
1.7919656948808234 0.9314488267401609
1.7919743622102728 0.913168664073233
1.7919830380789632 0.9179414900856924
1.7919917054084131 0.8969598428695591
1.7920003812771035 0.9299465765979037
1.7920090571457938 0.927107298495989
1.7920177244752435 0.9231557944333352
1.7920264003439341 0.9343315196326654
1.7920350676733836 0.9422692096659512
1.792043743542074 0.9061998793043049
1.7920524194107645 0.9561697500922715
1.7920610867402142 0.9310178337070161
1.7920697626089046 0.962511661515683
1.7920784384775952 0.9632566146931848
1.7920871058070447 0.9132212318000713
1.7920957816757352 0.9399959880217886
1.7921044575444256 0.9272844991342063
1.7921131248738753 0.9476151600576797
1.7921218007425657 0.9171808955484284
1.7921304680720154 0.8857680274436556
1.792139143940706 0.9341551233040798
1.7921478198093963 0.9429615838741904
1.7921564871388458 0.9462720226732723
1.7921651630075366 0.9375706422308511
1.792173830336986 0.9137660115540418
1.7921825062056764 0.9281710104876598
1.792191182074367 0.9710486750120795
1.7921998494038167 0.9078372530043664
1.792208525272507 0.9038221908001705
1.7922172011411974 0.8957503777788337
1.7922258684706474 0.922745636136278
1.7922345443393377 0.9431135835736305
1.792243220208028 0.9370310884956907
1.7922518875374776 0.9146838266492364
1.7922605634061683 0.9130509233454377
1.7922692307356178 0.946934631598069
1.7922779066043082 0.8998248858806093
1.7922865824729988 0.91080834279726
1.7922952498024485 0.9136566088559788
1.7923039256711388 0.9009174522558376
1.7923125930005885 0.9019407314202577
1.792321268869279 0.9054948820916308
1.7923299447379695 0.9323307321908064
1.792338612067419 0.91285542317602
1.7923472879361095 0.8745064157602407
1.7923559638048 0.8897110818847314
1.7923646311342496 0.884441270962169
1.7923733070029402 0.8847488361219971
1.7923819828716305 0.9290048900126169
1.79239065020108 0.8977367418422837
1.7923993260697706 0.8853194386974774
1.7924079933992203 0.8907708570972931
1.7924166692679107 0.8717822052756242
1.7924253451366012 0.8570694202530632
1.792434012466051 0.9069451025906462
1.7924426883347413 0.9214356268047496
1.7924513556641908 0.8798264217952644
1.7924600315328816 0.9216287202723846
1.792468707401572 0.8750643679227069
1.7924773747310214 0.886976268054765
1.7924860505997118 0.8959153962944866
1.7924947264684026 0.86742513029241
1.792503393797852 0.9279167193929339
1.7925120696665424 0.9095299404498938
1.7925207455352328 0.8707069279053736
1.7925294128646827 0.9011601943262083
1.792538088733373 0.8593260947335674
1.7925467560628225 0.8916060361897084
1.7925554319315131 0.8706066898360219
1.7925641078002037 0.8820759883826236
1.7925727751296532 0.892078350962923
1.7925814509983438 0.8881104904060987
1.7925901183277932 0.9224121184698227
1.7925987941964838 0.8912940349793043
1.7926074700651742 0.9064878761803593
1.7926161373946239 0.8926207946037624
1.7926248132633145 0.8907770103456352
1.7926334891320048 0.8620748991146813
1.7926421564614545 0.8897192764643649
1.7926508323301449 0.9386485206040132
1.7926595081988355 0.897143675751684
1.7926681755282852 0.884816066589105
1.7926768513969755 0.8835171824712829
1.792685518726425 0.8921707896359904
1.7926941945951156 0.9131266120704576
1.7927028704638062 0.8965510014545482
1.7927115377932556 0.8626229334618863
1.792720213661946 0.8941800991656369
1.792728880991396 0.9354422903339381
1.7927375568600863 0.9311207392873748
1.7927462327287766 0.9066945390160691
1.7927549000582261 0.9313587520080311
1.792763575926917 0.8622912913572787
1.7927722517956073 0.8579263366169075
1.7927809191250568 0.8920044069204324
1.7927895949937473 0.8939783472043467
1.792798270862438 0.8556753083012422
1.7928069381918874 0.8860617722406191
1.7928156140605778 0.8830961675013028
1.7928242813900275 0.8812679987730224
1.792832957258718 0.9029568562663125
1.7928416331274084 0.9022419170126302
1.7928503004568581 0.9271692081228804
1.7928589763255487 0.9138186136679567
1.7928676436549982 0.896928863509108
1.7928763195236888 0.8689584284332743
1.792884995392379 0.9089604773343357
1.7928936627218288 0.8744238610142294
1.7929023385905192 0.8759392760206633
1.7929110144592098 0.882592027247807
1.7929196817886592 0.8956699422732667
1.7929283576573498 0.8908652115762196
1.7929370335260402 0.8657210948268544
1.7929457008554899 0.8388436088710866
1.7929543767241802 0.8609917696755032
1.7929630440536302 0.8833137685417
1.7929717199223205 0.8675909237091405
1.7929803957910109 0.8570970493521799
1.7929890631204604 0.8657330552883999
1.7929977389891512 0.8962537792967499
1.7930064063186006 0.8794456396806234
1.793015082187291 0.9135619440165298
1.7930237580559814 0.879065022365554
1.7930324253854313 0.8427679281287992
1.7930411012541216 0.8485120221452158
1.793049777122812 0.8334220759413723
1.793058444452262 0.836473140218621
1.7930671203209523 0.8568425006421045
1.7930757961896426 0.8259827927613475
1.7930844635190923 0.8396281681047629
1.793093139387783 0.8315761020052446
1.7931018067172324 0.8735806384325757
1.7931104825859228 0.827833505627844
1.7931191584546133 0.8374463614870664
1.793127825784063 0.8355241360255923
1.7931365016527534 0.8413563948591696
1.793145168982203 0.8520635750394978
1.7931538448508935 0.8451932111337096
1.793162520719584 0.8319208328923169
1.7931711880490337 0.8452749525163168
1.793179863917724 0.8588216816122435
1.7931885397864145 0.829940580068472
1.7931972071158642 0.8599080210897743
1.7932058829845547 0.8385075936584869
1.793214558853245 0.8742648140878819
1.7932232261826946 0.8197661852062803
1.7932319020513852 0.8277248618035015
1.7932405693808349 0.826880975508699
1.7932492452495252 0.798189480810177
1.7932579211182158 0.8381138161923056
1.7932665884476655 0.8236941849552509
1.7932752643163559 0.832790955717605
1.7932839316458054 0.8397132382874333
1.7932926075144962 0.7980442999782895
1.7933012833831865 0.8477015943978763
1.793309950712636 0.8346530793561
1.7933186265813263 0.7966122856950024
1.7933273024500171 0.8210053742625699
1.7933359697794666 0.8287203433592523
1.793344645648157 0.8417439430271244
1.7933533215168476 0.8182970772708704
1.7933619888462973 0.867660846094114
1.7933706647149876 0.8620451246166947
1.7933793320444373 0.8019790067685629
1.7933880079131277 0.8587010619733199
1.7933966837818183 0.8429173633306146
1.7934053511112678 0.8087978721353636
1.7934140269799583 0.8764375981203921
1.7934226943094078 0.8363787690639268
1.7934313701780984 0.8338770090452932
1.793440046046789 0.8246525381419221
1.7934487133762385 0.8214743359625687
1.793457389244929 0.8506795643718741
1.7934660651136194 0.8532690636069931
1.793474732443069 0.8140723421952288
1.7934834083117595 0.8472196109236755
1.79349208418045 0.8146442566022927
1.7935007515098997 0.8725292603875268
1.79350942737859 0.8247626777895212
1.7935180947080396 0.8690784877699139
1.7935267705767302 0.839953027905161
1.7935354464454207 0.8223316390946767
1.7935441137748702 0.8358012185800413
1.7935527896435606 0.8259447557238755
1.7935614569730105 0.8242633693073681
1.7935701328417009 0.8228563027312492
1.7935788087103912 0.8184817495739197
1.793587476039841 0.8216408061090144
1.7935961519085315 0.818099260326641
1.7936048277772219 0.813148752388185
1.7936134951066713 0.82490132273756
1.793622170975362 0.7906240117415599
1.7936308468440525 0.8144604501446489
1.793639514173502 0.8032856338356297
1.7936481900421926 0.7957066726681328
1.793656857371642 0.7900562262485451
1.7936655332403326 0.8036760013310482
1.793674209109023 0.76889670535545
1.7936828764384727 0.7688081879464295
1.7936915523071633 0.7883789137951427
1.7937002196366127 0.7740161100463955
1.7937088955053033 0.7804175010683221
1.7937175713739937 0.7747721479384116
1.7937262387034434 0.7745081640593716
1.793734914572134 0.783480153970154
1.7937435904408243 0.7745473992140928
1.7937522577702738 0.7615141893701017
1.7937609336389644 0.7530191138192436
1.793769609507655 0.7595056343499311
1.7937782768371044 0.7541278854003801
1.7937869527057948 0.7847331514726905
1.7937956200352447 0.7622948750598818
1.793804295903935 0.7820598674481808
1.7938129717726254 0.7714130827628664
1.793821639102075 0.7832546827042359
1.7938303149707657 0.7613406174833914
1.7938389823002152 0.7493021866859196
1.7938476581689056 0.7626003495438864
1.7938563340375961 0.7607553233565166
1.7938650013670459 0.7620211054170393
1.7938736772357362 0.7390383920588638
1.7938823531044266 0.743501758440488
1.7938910204338765 0.7418378703248348
1.7938996963025668 0.7501705314661844
1.7939083721712572 0.7659280947051442
1.793917039500707 0.7353278248288169
1.7939257153693975 0.7548505920254569
1.793934382698847 0.7464556334888623
1.7939430585675376 0.7693199593788264
1.793951734436228 0.7573715723242422
1.7939604017656776 0.7264922738604153
1.793969077634368 0.741277810342027
1.7939777449638177 0.7476304821793237
1.793986420832508 0.7209962402044706
1.7939950967011986 0.765323413708756
1.7940037640306483 0.7632538436001058
1.7940124398993387 0.70595496991168
1.794021115768029 0.7197936317692717
1.794029783097479 0.7050387708910513
1.7940384589661693 0.721421365219505
1.7940471348348597 0.7518254103497248
1.7940558021643092 0.7371637998060887
1.794064478033 0.7221193789988443
1.7940731453624494 0.7356140236865277
1.7940818212311398 0.6955334160899043
1.7940904970998304 0.6903621935526951
1.79409916442928 0.7099471171379244
1.7941078402979704 0.6995278346166722
1.79411650762742 0.7238690363698072
1.7941251834961107 0.7006933567793469
1.794133859364801 0.6941782464364676
1.7941425266942506 0.686878622213998
1.7941512025629411 0.6984478744131196
1.7941598784316317 0.6749335238175134
1.7941685457610812 0.7023280275587842
1.7941772216297716 0.671118174389937
1.7941858974984621 0.658285061902056
1.7941945648279118 0.6517259292983264
1.7942032406966022 0.6425072018078004
1.794211908026052 0.6273501410885602
1.7942205838947423 0.6140136133087333
1.7942292597634328 0.6062587224536626
1.7942379270928825 0.6001018975119479
1.794246602961573 0.583322864768964
1.7942552702910224 0.5801349097192072
1.794263946159713 0.5565151607370108
1.7942726220284035 0.5479198067156229
1.794281289357853 0.5145232450153285
1.7942899652265434 0.48982957108112984
1.794298641095234 0.4861709443593757
1.7943073084246837 0.44239376755754173
1.794315984293374 0.43984635770413116
1.7943246601620646 0.39752367619697454
1.7943333274915143 0.3679196640424974
1.7943420033602047 0.33966515775284045
1.7943506706896541 0.3083223446966753
1.794359346558345 0.2954840207638966
1.7943680224270353 0.2672692531033075
1.7943766897564848 0.25478977776476036
1.7943853656251751 0.22238167650826438
1.794394032954625 0.19952715035125637
1.7944027088233154 0.18265560349244508
1.7944113846920058 0.15424105957495968
1.7944200520214555 0.14799191842685053
1.794428727890146 0.12285759230375722
1.7944374037588364 0.11304074211425909
1.7944460710882861 0.09686435702219398
1.7944547469569765 0.08375562813162157
1.794463422825667 0.07836190765738987
1.7944720901551166 0.06471217546716646
1.7944807660238071 0.0617830010620097
1.7944894333532566 0.0479330429131068
1.7944981092219472 0.04427055840802955
1.7945067850906375 0.036326286179135595
1.7945154524200873 0.0341449121753191
1.7945241282887778 0.028470166040646318
1.7945327956182275 0.023440183111051244
1.794541471486918 0.021515081720614167
1.7945501473556082 0.018778201718037752
1.794558814685058 0.016457126218933756
1.7945674905537485 0.014164654962973547
1.794576166422439 0.011568525281167192
1.7945848337518884 0.010354782951529017
1.794593509620579 0.00893883663002937
1.7946021854892695 0.008121420548834671
1.794610852818719 0.006758012644169879
1.7946195286874094 0.006210978129753457
1.7946281960168593 0.005261735343355582
1.7946368718855497 0.004458112257145587
1.79464554775424 0.003983253991457801
1.7946542150836897 0.0036507323985337683
1.7946628909523803 0.002941365539504197
1.7946715582818298 0.0026398788708314838
1.7946802341505201 0.0023154958129107256
1.7946889100192107 0.002109900621206319
1.7946975773486604 0.0017899174416700276
1.7947062532173508 0.0015798359783665789
1.7947149290860411 0.0014088799867983794
1.7947235964154908 0.0012347214701242133
1.7947322722841814 0.00107807506182826
1.7947409481528718 0.0009549530057112093
1.7947496154823215 0.0008557580634415333
1.794758291351012 0.0007613213341604779
1.7947669586804615 0.0006777210889722018
1.7947756345491521 0.0005886077825135594
1.7947843104178425 0.0005499446734549459
1.7947929777472922 0.0004981521396174971
1.7948016536159825 0.00042544654386941685
1.7948103209454322 0.00038963324010576347
1.7948189968141226 0.00035958949845692656
1.7948276726828132 0.000322159542606406
1.7948363400122629 0.0002824749887380708
1.7948450158809532 0.00026854495626953736
1.7948536917496436 0.0002492831936963048
1.7948623590790935 0.00020791699991625574
1.7948710349477839 0.0001915905128735689
1.7948797108164742 0.0001685768754559087
1.7948883781459237 0.00014098210801268641
1.7948970540146145 0.0001265872601170854
1.794905721344064 0.00011027599880187227
1.7949143972127544 9.535862933874445e-05
1.7949230730814447 9.503137213872796e-05
1.7949317404108946 7.58837876402406e-05
1.794940416279585 7.308815518266613e-05
1.7949490836090347 6.280612511356047e-05
1.7949577594777253 5.880875698414035e-05
1.7949664353464156 4.740061756804829e-05
1.7949751026758651 5.017183669392914e-05
1.7949837785445557 4.2426284509082224e-05
1.7949924544132463 4.1964881394233904e-05
1.7950011217426958 3.722596802709305e-05
1.7950097976113861 3.244987289323262e-05
1.7950184734800767 2.809215137802669e-05
1.7950271408095264 2.9911968858482973e-05
1.7950358166782168 2.7881106157120915e-05
1.7950444840076665 2.726616132741556e-05
1.7950531598763568 2.4760761672282527e-05
1.7950618357450474 2.4208116461073914e-05
1.7950705030744971 2.3337159798497595e-05
1.7950791789431875 2.0939967341174577e-05
1.795087846272637 1.7332451754569692e-05
1.7950965221413275 2.055805388215232e-05
1.795105198010018 1.6876523947566484e-05
1.7951138653394676 1.750402802558689e-05
1.795122541208158 1.7176552454746348e-05
1.7951312170768488 1.4963355705178913e-05
1.7951398844062982 1.4748029580143499e-05
1.7951485602749886 1.4729092853175428e-05
1.7951572361436792 1.4422847117276643e-05
1.7951659034731289 1.5780799426624692e-05
1.7951745793418192 1.2531700299155092e-05
1.7951832466712687 1.4032272180308823e-05
1.7951919225399595 1.4312549444124322e-05
1.7952005984086499 1.4086594075757419e-05
1.7952092657380994 1.3233386595207868e-05
1.7952179416067897 1.1952066476734606e-05
1.7952266089362396 1.1563758148670873e-05
1.79523528480493 1.2130117283863439e-05
1.7952439606736204 1.2263205330862342e-05
1.79525262800307 1.369733255360541e-05
1.7952613038717606 1.1533018800714875e-05
1.795269979740451 1.3278927507405127e-05
1.7952786470699007 1.0855729171066218e-05
1.795287322938591 1.1234092617000052e-05
1.7952959988072816 1.0876070147549513e-05
1.7953046661367311 1.1687106456600888e-05
1.7953133420054217 1.1509673394499968e-05
1.7953220093348712 1.2044062485529707e-05
1.7953306852035618 1.2938233955453377e-05
1.7953393610722523 1.0985023744506557e-05
1.7953480284017018 1.1154908185063225e-05
1.7953567042703924 1.1149643976906295e-05
1.795365371599842 1.0272236270593904e-05
1.7953740474685325 1.2411435080710976e-05
1.7953827233372228 1.2935284944509529e-05
1.7953913906666725 1.0883159647958584e-05
1.795400066535363 1.1147333645941365e-05
1.7954087424040535 1.1709113074824793e-05
1.795417409733503 1.1303996125917266e-05
1.7954260856021937 1.2287315224234159e-05
1.795434761470884 1.1906770971812566e-05
1.7954434288003336 1.1201314729124547e-05
1.795452104669024 1.2986077787548605e-05
1.7954607719984739 1.2556309151082536e-05
1.7954694478671642 1.3901702811784491e-05
1.7954781237358546 1.180633222736574e-05
1.7954867910653043 9.647215945930618e-06
1.7954954669339949 1.1131866772363887e-05
1.7955041342634444 1.1500295508203951e-05
1.7955128101321347 1.0597928861734761e-05
1.7955214860008253 1.00575685198595e-05
1.795530153330275 1.2557725917549015e-05
1.7955388291989653 1.1929713117494435e-05
1.795547505067656 1.1952892124754162e-05
1.7955561723971054 1.1630944944954014e-05
1.795564848265796 1.0860579524907363e-05
1.7955735241344863 1.1524099517036254e-05
1.795582191463936 1.092808338084853e-05
1.7955908673326266 1.0434004026947562e-05
1.7955995346620761 9.782255458336255e-06
1.7956082105307667 1.0578814455561298e-05
1.795616886399457 1.084408717022786e-05
1.7956255537289068 1.2210796681824621e-05
1.7956342295975973 1.1780344744598958e-05
1.7956428969270468 1.1483810040510963e-05
1.7956515727957372 1.1188838364092212e-05
1.7956602486644277 1.2420125951260843e-05
1.7956689159938775 9.857845335133946e-06
1.7956775918625678 1.0725140742548727e-05
1.7956862677312582 1.1527602698397957e-05
1.795694935060708 1.2142832378743185e-05
1.7957036109293985 1.053066991565249e-05
1.7957122867980888 1.2644597222368052e-05
1.7957209541275385 1.2617345631272332e-05
1.795729629996229 1.04137944208784e-05
1.7957382973256786 1.3281832531874484e-05
1.795746973194369 1.2325711549324395e-05
1.7957556490630595 1.045584171291033e-05
1.7957643163925092 1.315206661815202e-05
1.7957729922611996 1.0743554716086272e-05
1.7957816595906493 1.187536590419425e-05
1.7957903354593399 1.0464343806984374e-05
1.7957990113280302 1.0196567533885901e-05
1.7958076786574797 1.0763611152478483e-05
1.7958163545261703 1.1427572887680406e-05
1.7958250303948609 1.1599359265755344e-05
1.7958336977243103 1.1159609553438692e-05
1.795842373593001 1.1825758342098018e-05
1.7958510494616913 1.2675818147625004e-05
1.795859716791141 1.0240024600867857e-05
1.7958683926598313 1.1441869760260612e-05
1.795877059989281 1.073361466177613e-05
1.7958857358579714 1.1590628869586394e-05
1.795894411726662 1.2422328223044325e-05
1.7959030790561117 9.870746533573065e-06
1.795911754924802 1.3039441792093414e-05
1.7959204222542515 1.270699912451347e-05
1.7959290981229423 1.0877247235860132e-05
1.7959377739916327 1.0701015669598463e-05
1.7959464413210822 1.2420040156366576e-05
1.7959551171897725 1.1996981799778761e-05
1.7959637930584633 1.1636891900168046e-05
1.7959724603879128 1.24169233437888e-05
1.7959811362566032 1.150556631708353e-05
1.795989812125294 1.297212126922225e-05
1.7959984794547434 1.1922051677588709e-05
1.7960071553234338 1.0776655502968572e-05
1.7960158226528835 1.1038193423835876e-05
1.796024498521574 1.1305219527524886e-05
1.7960331743902644 1.0230008628076893e-05
1.796041841719714 1.023007929471706e-05
1.7960505175884045 1.2400008989268444e-05
1.7960591849178542 1.135447347247471e-05
1.7960678607865446 1.2918437844630034e-05
1.796076536655235 1.2795168220130295e-05
1.7960852039846846 1.168869428732318e-05
1.7960938798533752 1.0400566615525021e-05
1.7961025557220656 9.784823585599145e-06
1.7961112230515153 1.1715774392536126e-05
1.7961198989202056 1.1722547468027935e-05
1.7961285747888962 1.1018614779198717e-05
1.796137242118346 1.0874642785831734e-05
1.7961459179870363 1.1375618006175218e-05
1.7961545853164858 1.0515501750121193e-05
1.7961632611851763 1.0786113848559386e-05
1.796171937053867 1.0019568067964298e-05
1.7961806043833164 1.0925164880972368e-05
1.7961892802520067 1.3313063393080744e-05
1.7961979475814567 1.3192557629599609e-05
1.796206623450147 1.2233169689828042e-05
1.7962152993188374 1.1319128753825865e-05
1.7962239666482873 1.324338485789095e-05
1.7962326425169777 1.335017627072332e-05
1.796241318385668 1.0910282602418076e-05
1.7962499857151175 1.1086105316121294e-05
1.7962586615838083 1.0854429444390352e-05
1.7962673374524987 1.1173030903929028e-05
1.7962760047819482 1.1075669810105919e-05
1.7962846806506385 1.1686675895618435e-05
1.7962933479800884 1.0659921339375279e-05
1.7963020238487788 1.1409772891818073e-05
1.7963106997174692 1.0816306865928163e-05
1.7963193670469189 1.1745351004455812e-05
1.7963280429156094 1.1168452462169801e-05
1.796336710245059 1.0862830424895681e-05
1.7963453861137495 1.134548327683691e-05
1.7963540619824399 1.0699586645072352e-05
1.7963627293118896 1.249369788810471e-05
1.79637140518058 1.134153924748652e-05
1.7963800810492705 1.1773158746973309e-05
1.79638874837872 1.1165932547903177e-05
1.7963974242474106 1.1019781920723049e-05
1.7964061001161011 1.1054293722677717e-05
1.7964147674455506 1.1436838803792858e-05
1.7964234433142412 1.1677584000860973e-05
1.796432110643691 1.2041428188180532e-05
1.7964407865123813 1.2486421753645315e-05
