0.000000000000000000e+00 8.409999999899999068e+01 0.000000000000000000e+00
0.000000000000000000e+00 8.409999999999999432e+01 1.000000000000000000e+00
0.000000000000000000e+00 8.690000000000000568e+01 1.000000000000000000e+00
0.000000000000000000e+00 8.690000000100000932e+01 0.000000000000000000e+00
1.000000000000000000e+00 8.409999999899999068e+01 0.000000000000000000e+00
1.000000000000000000e+00 8.409999999999999432e+01 1.000000000000000000e+00
1.000000000000000000e+00 8.690000000000000568e+01 1.000000000000000000e+00
1.000000000000000000e+00 8.690000000100000932e+01 0.000000000000000000e+00
2.000000000000000000e+00 3.619999999900000631e+01 0.000000000000000000e+00
2.000000000000000000e+00 3.620000000000000284e+01 1.000000000000000000e+00
2.000000000000000000e+00 3.800000000000000000e+01 1.000000000000000000e+00
2.000000000000000000e+00 3.800000000099999653e+01 0.000000000000000000e+00
3.000000000000000000e+00 3.619999999900000631e+01 0.000000000000000000e+00
3.000000000000000000e+00 3.620000000000000284e+01 1.000000000000000000e+00
3.000000000000000000e+00 3.800000000000000000e+01 1.000000000000000000e+00
3.000000000000000000e+00 3.800000000099999653e+01 0.000000000000000000e+00
4.000000000000000000e+00 1.910999999900000290e+01 0.000000000000000000e+00
4.000000000000000000e+00 1.911000000000000298e+01 1.000000000000000000e+00
4.000000000000000000e+00 1.958999999999999986e+01 1.000000000000000000e+00
4.000000000000000000e+00 1.959000000099999994e+01 0.000000000000000000e+00
5.000000000000000000e+00 1.910999999900000290e+01 0.000000000000000000e+00
5.000000000000000000e+00 1.911000000000000298e+01 1.000000000000000000e+00
5.000000000000000000e+00 1.958999999999999986e+01 1.000000000000000000e+00
5.000000000000000000e+00 1.959000000099999994e+01 0.000000000000000000e+00
6.000000000000000000e+00 1.059999999899999956e+01 0.000000000000000000e+00
6.000000000000000000e+00 1.059999999999999964e+01 1.000000000000000000e+00
6.000000000000000000e+00 1.079999999999999893e+01 1.000000000000000000e+00
6.000000000000000000e+00 1.080000000099999902e+01 0.000000000000000000e+00
7.000000000000000000e+00 1.059999999899999956e+01 0.000000000000000000e+00
7.000000000000000000e+00 1.059999999999999964e+01 1.000000000000000000e+00
7.000000000000000000e+00 1.079999999999999893e+01 1.000000000000000000e+00
7.000000000000000000e+00 1.080000000099999902e+01 0.000000000000000000e+00
