1.859999999999999787e+01 1.000000000000000062e-09
1.860099999999999909e+01 1.000000000000000000e+01
1.860200000000000031e+01 1.000000000000000000e+01
1.860300000000000153e+01 1.000000000000000000e+01
1.860400000000000276e+01 1.000000000000000000e+01
1.860500000000000398e+01 1.000000000000000000e+01
1.860600000000000520e+01 1.000000000000000000e+01
1.860700000000000642e+01 1.000000000000000000e+01
1.860800000000000765e+01 1.000000000000000000e+01
1.860900000000000887e+01 1.000000000000000000e+01
1.861000000000001009e+01 1.000000000000000000e+01
1.861100000000001131e+01 1.000000000000000000e+01
1.861200000000001253e+01 1.000000000000000000e+01
1.861300000000001376e+01 1.000000000000000000e+01
1.861400000000001498e+01 1.000000000000000000e+01
1.861500000000001620e+01 1.000000000000000000e+01
1.861600000000001742e+01 1.000000000000000000e+01
1.861700000000001864e+01 1.000000000000000000e+01
1.861800000000001987e+01 1.000000000000000000e+01
1.861900000000002109e+01 1.000000000000000000e+01
1.862000000000002231e+01 1.000000000000000000e+01
1.862100000000002353e+01 1.000000000000000000e+01
1.862200000000002476e+01 1.000000000000000000e+01
1.862300000000002598e+01 1.000000000000000000e+01
1.862400000000002720e+01 1.000000000000000000e+01
1.862500000000002842e+01 1.000000000000000000e+01
1.862600000000002964e+01 1.000000000000000000e+01
1.862700000000003087e+01 1.000000000000000000e+01
1.862800000000003209e+01 1.000000000000000000e+01
1.862900000000003331e+01 1.000000000000000000e+01
1.863000000000003453e+01 1.000000000000000000e+01
1.863100000000003575e+01 1.000000000000000000e+01
1.863200000000003698e+01 1.000000000000000000e+01
1.863300000000003820e+01 1.000000000000000000e+01
1.863400000000003942e+01 1.000000000000000000e+01
1.863500000000004064e+01 1.000000000000000000e+01
1.863600000000004187e+01 1.000000000000000000e+01
1.863700000000004309e+01 1.000000000000000000e+01
1.863800000000004431e+01 1.000000000000000000e+01
1.863900000000004553e+01 1.000000000000000000e+01
1.864000000000004675e+01 1.000000000000000000e+01
1.864100000000004798e+01 1.000000000000000000e+01
1.864200000000004920e+01 1.000000000000000000e+01
1.864300000000005042e+01 1.000000000000000000e+01
1.864400000000005164e+01 1.000000000000000000e+01
1.864500000000005286e+01 1.000000000000000000e+01
1.864600000000005409e+01 1.000000000000000000e+01
1.864700000000005531e+01 1.000000000000000000e+01
1.864800000000005653e+01 1.000000000000000000e+01
1.864900000000005775e+01 1.000000000000000000e+01
1.865000000000005898e+01 1.000000000000000000e+01
1.865100000000006020e+01 1.000000000000000000e+01
1.865200000000006142e+01 1.000000000000000000e+01
1.865300000000006264e+01 1.000000000000000000e+01
1.865400000000006386e+01 1.000000000000000000e+01
1.865500000000006509e+01 1.000000000000000000e+01
1.865600000000006631e+01 1.000000000000000000e+01
1.865700000000006753e+01 1.000000000000000000e+01
1.865800000000006875e+01 1.000000000000000000e+01
1.865900000000006997e+01 1.000000000000000000e+01
1.866000000000007120e+01 1.000000000000000000e+01
1.866100000000007242e+01 1.000000000000000000e+01
1.866200000000007364e+01 1.000000000000000000e+01
1.866300000000007486e+01 1.000000000000000000e+01
1.866400000000007608e+01 1.000000000000000000e+01
1.866500000000007731e+01 1.000000000000000000e+01
1.866600000000007853e+01 1.000000000000000000e+01
1.866700000000007975e+01 1.000000000000000000e+01
1.866800000000008097e+01 1.000000000000000000e+01
1.866900000000008220e+01 1.000000000000000000e+01
1.867000000000008342e+01 1.000000000000000000e+01
1.867100000000008464e+01 1.000000000000000000e+01
1.867200000000008586e+01 1.000000000000000000e+01
1.867300000000008708e+01 1.000000000000000000e+01
1.867400000000008831e+01 1.000000000000000000e+01
1.867500000000008953e+01 1.000000000000000000e+01
1.867600000000009075e+01 1.000000000000000000e+01
1.867700000000009197e+01 1.000000000000000000e+01
1.867800000000009319e+01 1.000000000000000000e+01
1.867900000000009442e+01 1.000000000000000000e+01
1.868000000000009564e+01 1.000000000000000000e+01
1.868100000000009686e+01 1.000000000000000000e+01
1.868200000000009808e+01 1.000000000000000000e+01
1.868300000000009931e+01 1.000000000000000000e+01
1.868400000000010053e+01 1.000000000000000000e+01
1.868500000000010175e+01 1.000000000000000000e+01
1.868600000000010297e+01 1.000000000000000000e+01
1.868700000000010419e+01 1.000000000000000000e+01
1.868800000000010542e+01 1.000000000000000000e+01
1.868900000000010664e+01 1.000000000000000000e+01
1.869000000000010786e+01 1.000000000000000000e+01
1.869100000000010908e+01 1.000000000000000000e+01
1.869200000000011030e+01 1.000000000000000000e+01
1.869300000000011153e+01 1.000000000000000000e+01
1.869400000000011275e+01 1.000000000000000000e+01
1.869500000000011397e+01 1.000000000000000000e+01
1.869600000000011519e+01 1.000000000000000000e+01
1.869700000000011642e+01 1.000000000000000000e+01
1.869800000000011764e+01 1.000000000000000000e+01
1.869900000000011886e+01 1.000000000000000000e+01
1.870000000000012008e+01 1.000000000000000000e+01
1.870100000000012130e+01 1.000000000000000000e+01
1.870200000000012253e+01 1.000000000000000000e+01
1.870300000000012375e+01 1.000000000000000000e+01
1.870400000000012497e+01 1.000000000000000000e+01
1.870500000000012619e+01 1.000000000000000000e+01
1.870600000000012741e+01 1.000000000000000000e+01
1.870700000000012864e+01 1.000000000000000000e+01
1.870800000000012986e+01 1.000000000000000000e+01
1.870900000000013108e+01 1.000000000000000000e+01
1.871000000000013230e+01 1.000000000000000000e+01
1.871100000000013353e+01 1.000000000000000000e+01
1.871200000000013475e+01 1.000000000000000000e+01
1.871300000000013597e+01 1.000000000000000000e+01
1.871400000000013719e+01 1.000000000000000000e+01
1.871500000000013841e+01 1.000000000000000000e+01
1.871600000000013964e+01 1.000000000000000000e+01
1.871700000000014086e+01 1.000000000000000000e+01
1.871800000000014208e+01 1.000000000000000000e+01
1.871900000000014330e+01 1.000000000000000000e+01
1.872000000000014452e+01 1.000000000000000000e+01
1.872100000000014575e+01 1.000000000000000000e+01
1.872200000000014697e+01 1.000000000000000000e+01
1.872300000000014819e+01 1.000000000000000000e+01
1.872400000000014941e+01 1.000000000000000000e+01
1.872500000000015064e+01 1.000000000000000000e+01
1.872600000000015186e+01 1.000000000000000000e+01
1.872700000000015308e+01 1.000000000000000000e+01
1.872800000000015430e+01 1.000000000000000000e+01
1.872900000000015552e+01 1.000000000000000000e+01
1.873000000000015675e+01 1.000000000000000000e+01
1.873100000000015797e+01 1.000000000000000000e+01
1.873200000000015919e+01 1.000000000000000000e+01
1.873300000000016041e+01 1.000000000000000000e+01
1.873400000000016163e+01 1.000000000000000000e+01
1.873500000000016286e+01 1.000000000000000000e+01
1.873600000000016408e+01 1.000000000000000000e+01
1.873700000000016530e+01 1.000000000000000000e+01
1.873800000000016652e+01 1.000000000000000000e+01
1.873900000000016774e+01 1.000000000000000000e+01
1.874000000000016897e+01 1.000000000000000000e+01
1.874100000000017019e+01 1.000000000000000000e+01
1.874200000000017141e+01 1.000000000000000000e+01
1.874300000000017263e+01 1.000000000000000000e+01
1.874400000000017386e+01 1.000000000000000000e+01
1.874500000000017508e+01 1.000000000000000000e+01
1.874600000000017630e+01 1.000000000000000000e+01
1.874700000000017752e+01 1.000000000000000000e+01
1.874800000000017874e+01 1.000000000000000000e+01
1.874900000000017997e+01 1.000000000000000000e+01
1.875000000000018119e+01 1.000000000000000000e+01
1.875100000000018241e+01 1.000000000000000000e+01
1.875200000000018363e+01 1.000000000000000000e+01
1.875300000000018485e+01 1.000000000000000000e+01
1.875400000000018608e+01 1.000000000000000000e+01
1.875500000000018730e+01 1.000000000000000000e+01
1.875600000000018852e+01 1.000000000000000000e+01
1.875700000000018974e+01 1.000000000000000000e+01
1.875800000000019097e+01 1.000000000000000000e+01
1.875900000000019219e+01 1.000000000000000000e+01
1.876000000000019341e+01 1.000000000000000000e+01
1.876100000000019463e+01 1.000000000000000000e+01
1.876200000000019585e+01 1.000000000000000000e+01
1.876300000000019708e+01 1.000000000000000000e+01
1.876400000000019830e+01 1.000000000000000000e+01
1.876500000000019952e+01 1.000000000000000000e+01
1.876600000000020074e+01 1.000000000000000000e+01
1.876700000000020196e+01 1.000000000000000000e+01
1.876800000000020319e+01 1.000000000000000000e+01
1.876900000000020441e+01 1.000000000000000000e+01
1.877000000000020563e+01 1.000000000000000000e+01
1.877100000000020685e+01 1.000000000000000000e+01
1.877200000000020808e+01 1.000000000000000000e+01
1.877300000000020930e+01 1.000000000000000000e+01
1.877400000000021052e+01 1.000000000000000000e+01
1.877500000000021174e+01 1.000000000000000000e+01
1.877600000000021296e+01 1.000000000000000000e+01
1.877700000000021419e+01 1.000000000000000000e+01
1.877800000000021541e+01 1.000000000000000000e+01
1.877900000000021663e+01 1.000000000000000000e+01
1.878000000000021785e+01 1.000000000000000000e+01
1.878100000000021907e+01 1.000000000000000000e+01
1.878200000000022030e+01 1.000000000000000000e+01
1.878300000000022152e+01 1.000000000000000000e+01
1.878400000000022274e+01 1.000000000000000000e+01
1.878500000000022396e+01 1.000000000000000000e+01
1.878600000000022519e+01 1.000000000000000000e+01
1.878700000000022641e+01 1.000000000000000000e+01
1.878800000000022763e+01 1.000000000000000000e+01
1.878900000000022885e+01 1.000000000000000000e+01
1.879000000000023007e+01 1.000000000000000000e+01
1.879100000000023130e+01 1.000000000000000000e+01
1.879200000000023252e+01 1.000000000000000000e+01
1.879300000000023374e+01 1.000000000000000000e+01
1.879400000000023496e+01 1.000000000000000000e+01
1.879500000000023618e+01 1.000000000000000000e+01
1.879600000000023741e+01 1.000000000000000000e+01
1.879700000000023863e+01 1.000000000000000000e+01
1.879800000000023985e+01 1.000000000000000000e+01
1.879900000000024107e+01 1.000000000000000000e+01
1.880000000000024230e+01 1.000000000000000062e-09
