5.303999999999999915e+01 1.000000000000000062e-09
5.304099999999999682e+01 5.000000000000000000e+00
5.304199999999999449e+01 5.000000000000000000e+00
5.304299999999999216e+01 5.000000000000000000e+00
5.304399999999998983e+01 5.000000000000000000e+00
5.304499999999998749e+01 5.000000000000000000e+00
5.304599999999998516e+01 5.000000000000000000e+00
5.304699999999998283e+01 5.000000000000000000e+00
5.304799999999998050e+01 5.000000000000000000e+00
5.304899999999997817e+01 5.000000000000000000e+00
5.304999999999997584e+01 5.000000000000000000e+00
5.305099999999997351e+01 5.000000000000000000e+00
5.305199999999997118e+01 5.000000000000000000e+00
5.305299999999996885e+01 5.000000000000000000e+00
5.305399999999996652e+01 5.000000000000000000e+00
5.305499999999996419e+01 5.000000000000000000e+00
5.305599999999996186e+01 5.000000000000000000e+00
5.305699999999995953e+01 5.000000000000000000e+00
5.305799999999995720e+01 5.000000000000000000e+00
5.305899999999995487e+01 5.000000000000000000e+00
5.305999999999995254e+01 5.000000000000000000e+00
5.306099999999995021e+01 5.000000000000000000e+00
5.306199999999994787e+01 5.000000000000000000e+00
5.306299999999994554e+01 5.000000000000000000e+00
5.306399999999994321e+01 5.000000000000000000e+00
5.306499999999994088e+01 5.000000000000000000e+00
5.306599999999993855e+01 5.000000000000000000e+00
5.306699999999993622e+01 5.000000000000000000e+00
5.306799999999993389e+01 5.000000000000000000e+00
5.306899999999993156e+01 5.000000000000000000e+00
5.306999999999992923e+01 5.000000000000000000e+00
5.307099999999992690e+01 5.000000000000000000e+00
5.307199999999992457e+01 5.000000000000000000e+00
5.307299999999992224e+01 5.000000000000000000e+00
5.307399999999991991e+01 5.000000000000000000e+00
5.307499999999991758e+01 5.000000000000000000e+00
5.307599999999991525e+01 5.000000000000000000e+00
5.307699999999991292e+01 5.000000000000000000e+00
5.307799999999991059e+01 5.000000000000000000e+00
5.307899999999990825e+01 5.000000000000000000e+00
5.307999999999990592e+01 5.000000000000000000e+00
5.308099999999990359e+01 5.000000000000000000e+00
5.308199999999990126e+01 5.000000000000000000e+00
5.308299999999989893e+01 5.000000000000000000e+00
5.308399999999989660e+01 5.000000000000000000e+00
5.308499999999989427e+01 5.000000000000000000e+00
5.308599999999989194e+01 5.000000000000000000e+00
5.308699999999988961e+01 5.000000000000000000e+00
5.308799999999988728e+01 5.000000000000000000e+00
5.308899999999988495e+01 5.000000000000000000e+00
5.308999999999988262e+01 5.000000000000000000e+00
5.309099999999988029e+01 5.000000000000000000e+00
5.309199999999987796e+01 5.000000000000000000e+00
5.309299999999987563e+01 5.000000000000000000e+00
5.309399999999987330e+01 5.000000000000000000e+00
5.309499999999987097e+01 5.000000000000000000e+00
5.309599999999986863e+01 5.000000000000000000e+00
5.309699999999986630e+01 5.000000000000000000e+00
5.309799999999986397e+01 5.000000000000000000e+00
5.309899999999986164e+01 5.000000000000000000e+00
5.309999999999985931e+01 5.000000000000000000e+00
5.310099999999985698e+01 5.000000000000000000e+00
5.310199999999985465e+01 5.000000000000000000e+00
5.310299999999985232e+01 5.000000000000000000e+00
5.310399999999984999e+01 5.000000000000000000e+00
5.310499999999984766e+01 5.000000000000000000e+00
5.310599999999984533e+01 5.000000000000000000e+00
5.310699999999984300e+01 5.000000000000000000e+00
5.310799999999984067e+01 5.000000000000000000e+00
5.310899999999983834e+01 5.000000000000000000e+00
5.310999999999983601e+01 5.000000000000000000e+00
5.311099999999983368e+01 5.000000000000000000e+00
5.311199999999983135e+01 5.000000000000000000e+00
5.311299999999982901e+01 5.000000000000000000e+00
5.311399999999982668e+01 5.000000000000000000e+00
5.311499999999982435e+01 5.000000000000000000e+00
5.311599999999982202e+01 5.000000000000000000e+00
5.311699999999981969e+01 5.000000000000000000e+00
5.311799999999981736e+01 5.000000000000000000e+00
5.311899999999981503e+01 5.000000000000000000e+00
5.311999999999981270e+01 5.000000000000000000e+00
5.312099999999981037e+01 5.000000000000000000e+00
5.312199999999980804e+01 5.000000000000000000e+00
5.312299999999980571e+01 5.000000000000000000e+00
5.312399999999980338e+01 5.000000000000000000e+00
5.312499999999980105e+01 5.000000000000000000e+00
5.312599999999979872e+01 5.000000000000000000e+00
5.312699999999979639e+01 5.000000000000000000e+00
5.312799999999979406e+01 5.000000000000000000e+00
5.312899999999979173e+01 5.000000000000000000e+00
5.312999999999978940e+01 5.000000000000000000e+00
5.313099999999978706e+01 5.000000000000000000e+00
5.313199999999978473e+01 5.000000000000000000e+00
5.313299999999978240e+01 5.000000000000000000e+00
5.313399999999978007e+01 5.000000000000000000e+00
5.313499999999977774e+01 5.000000000000000000e+00
5.313599999999977541e+01 5.000000000000000000e+00
5.313699999999977308e+01 5.000000000000000000e+00
5.313799999999977075e+01 5.000000000000000000e+00
5.313899999999976842e+01 5.000000000000000000e+00
5.313999999999976609e+01 5.000000000000000000e+00
5.314099999999976376e+01 5.000000000000000000e+00
5.314199999999976143e+01 5.000000000000000000e+00
5.314299999999975910e+01 5.000000000000000000e+00
5.314399999999975677e+01 5.000000000000000000e+00
5.314499999999975444e+01 5.000000000000000000e+00
5.314599999999975211e+01 5.000000000000000000e+00
5.314699999999974978e+01 5.000000000000000000e+00
5.314799999999974744e+01 5.000000000000000000e+00
5.314899999999974511e+01 5.000000000000000000e+00
5.314999999999974278e+01 5.000000000000000000e+00
5.315099999999974045e+01 5.000000000000000000e+00
5.315199999999973812e+01 5.000000000000000000e+00
5.315299999999973579e+01 5.000000000000000000e+00
5.315399999999973346e+01 5.000000000000000000e+00
5.315499999999973113e+01 5.000000000000000000e+00
5.315599999999972880e+01 5.000000000000000000e+00
5.315699999999972647e+01 5.000000000000000000e+00
5.315799999999972414e+01 5.000000000000000000e+00
5.315899999999972181e+01 5.000000000000000000e+00
5.315999999999971948e+01 5.000000000000000000e+00
5.316099999999971715e+01 5.000000000000000000e+00
5.316199999999971482e+01 5.000000000000000000e+00
5.316299999999971249e+01 5.000000000000000000e+00
5.316399999999971016e+01 5.000000000000000000e+00
5.316499999999970782e+01 5.000000000000000000e+00
5.316599999999970549e+01 5.000000000000000000e+00
5.316699999999970316e+01 5.000000000000000000e+00
5.316799999999970083e+01 5.000000000000000000e+00
5.316899999999969850e+01 5.000000000000000000e+00
5.316999999999969617e+01 5.000000000000000000e+00
5.317099999999969384e+01 5.000000000000000000e+00
5.317199999999969151e+01 5.000000000000000000e+00
5.317299999999968918e+01 5.000000000000000000e+00
5.317399999999968685e+01 5.000000000000000000e+00
5.317499999999968452e+01 5.000000000000000000e+00
5.317599999999968219e+01 5.000000000000000000e+00
5.317699999999967986e+01 5.000000000000000000e+00
5.317799999999967753e+01 5.000000000000000000e+00
5.317899999999967520e+01 5.000000000000000000e+00
5.317999999999967287e+01 5.000000000000000000e+00
5.318099999999967054e+01 5.000000000000000000e+00
5.318199999999966820e+01 5.000000000000000000e+00
5.318299999999966587e+01 5.000000000000000000e+00
5.318399999999966354e+01 5.000000000000000000e+00
5.318499999999966121e+01 5.000000000000000000e+00
5.318599999999965888e+01 5.000000000000000000e+00
5.318699999999965655e+01 5.000000000000000000e+00
5.318799999999965422e+01 5.000000000000000000e+00
5.318899999999965189e+01 5.000000000000000000e+00
5.318999999999964956e+01 5.000000000000000000e+00
5.319099999999964723e+01 5.000000000000000000e+00
5.319199999999964490e+01 5.000000000000000000e+00
5.319299999999964257e+01 5.000000000000000000e+00
5.319399999999964024e+01 5.000000000000000000e+00
5.319499999999963791e+01 5.000000000000000000e+00
5.319599999999963558e+01 5.000000000000000000e+00
5.319699999999963325e+01 5.000000000000000000e+00
5.319799999999963092e+01 5.000000000000000000e+00
5.319899999999962859e+01 5.000000000000000000e+00
5.319999999999962625e+01 5.000000000000000000e+00
5.320099999999962392e+01 5.000000000000000000e+00
5.320199999999962159e+01 5.000000000000000000e+00
5.320299999999961926e+01 5.000000000000000000e+00
5.320399999999961693e+01 5.000000000000000000e+00
5.320499999999961460e+01 5.000000000000000000e+00
5.320599999999961227e+01 5.000000000000000000e+00
5.320699999999960994e+01 5.000000000000000000e+00
5.320799999999960761e+01 5.000000000000000000e+00
5.320899999999960528e+01 5.000000000000000000e+00
5.320999999999960295e+01 5.000000000000000000e+00
5.321099999999960062e+01 5.000000000000000000e+00
5.321199999999959829e+01 5.000000000000000000e+00
5.321299999999959596e+01 5.000000000000000000e+00
5.321399999999959363e+01 5.000000000000000000e+00
5.321499999999959130e+01 5.000000000000000000e+00
5.321599999999958897e+01 5.000000000000000000e+00
5.321699999999958663e+01 5.000000000000000000e+00
5.321799999999958430e+01 5.000000000000000000e+00
5.321899999999958197e+01 5.000000000000000000e+00
5.321999999999957964e+01 5.000000000000000000e+00
5.322099999999957731e+01 5.000000000000000000e+00
5.322199999999957498e+01 5.000000000000000000e+00
5.322299999999957265e+01 5.000000000000000000e+00
5.322399999999957032e+01 5.000000000000000000e+00
5.322499999999956799e+01 5.000000000000000000e+00
5.322599999999956566e+01 5.000000000000000000e+00
5.322699999999956333e+01 5.000000000000000000e+00
5.322799999999956100e+01 5.000000000000000000e+00
5.322899999999955867e+01 5.000000000000000000e+00
5.322999999999955634e+01 5.000000000000000000e+00
5.323099999999955401e+01 5.000000000000000000e+00
5.323199999999955168e+01 5.000000000000000000e+00
5.323299999999954935e+01 5.000000000000000000e+00
5.323399999999954701e+01 5.000000000000000000e+00
5.323499999999954468e+01 5.000000000000000000e+00
5.323599999999954235e+01 5.000000000000000000e+00
5.323699999999954002e+01 5.000000000000000000e+00
5.323799999999953769e+01 5.000000000000000000e+00
5.323899999999953536e+01 5.000000000000000000e+00
5.323999999999953303e+01 5.000000000000000000e+00
5.324099999999953070e+01 5.000000000000000000e+00
5.324199999999952837e+01 5.000000000000000000e+00
5.324299999999952604e+01 5.000000000000000000e+00
5.324399999999952371e+01 5.000000000000000000e+00
5.324499999999952138e+01 5.000000000000000000e+00
5.324599999999951905e+01 5.000000000000000000e+00
5.324699999999951672e+01 5.000000000000000000e+00
5.324799999999951439e+01 5.000000000000000000e+00
5.324899999999951206e+01 5.000000000000000000e+00
5.324999999999950973e+01 5.000000000000000000e+00
5.325099999999950739e+01 5.000000000000000000e+00
5.325199999999950506e+01 5.000000000000000000e+00
5.325299999999950273e+01 5.000000000000000000e+00
5.325399999999950040e+01 5.000000000000000000e+00
5.325499999999949807e+01 5.000000000000000000e+00
5.325599999999949574e+01 5.000000000000000000e+00
5.325699999999949341e+01 5.000000000000000000e+00
5.325799999999949108e+01 5.000000000000000000e+00
5.325899999999948875e+01 5.000000000000000000e+00
5.325999999999948642e+01 5.000000000000000000e+00
5.326099999999948409e+01 5.000000000000000000e+00
5.326199999999948176e+01 5.000000000000000000e+00
5.326299999999947943e+01 5.000000000000000000e+00
5.326399999999947710e+01 5.000000000000000000e+00
5.326499999999947477e+01 5.000000000000000000e+00
5.326599999999947244e+01 5.000000000000000000e+00
5.326699999999947011e+01 5.000000000000000000e+00
5.326799999999946778e+01 5.000000000000000000e+00
5.326899999999946544e+01 5.000000000000000000e+00
5.326999999999946311e+01 5.000000000000000000e+00
5.327099999999946078e+01 5.000000000000000000e+00
5.327199999999945845e+01 5.000000000000000000e+00
5.327299999999945612e+01 5.000000000000000000e+00
5.327399999999945379e+01 5.000000000000000000e+00
5.327499999999945146e+01 5.000000000000000000e+00
5.327599999999944913e+01 5.000000000000000000e+00
5.327699999999944680e+01 5.000000000000000000e+00
5.327799999999944447e+01 5.000000000000000000e+00
5.327899999999944214e+01 5.000000000000000000e+00
5.327999999999943981e+01 5.000000000000000000e+00
5.328099999999943748e+01 5.000000000000000000e+00
5.328199999999943515e+01 5.000000000000000000e+00
5.328299999999943282e+01 5.000000000000000000e+00
5.328399999999943049e+01 5.000000000000000000e+00
5.328499999999942816e+01 5.000000000000000000e+00
5.328599999999942582e+01 5.000000000000000000e+00
5.328699999999942349e+01 5.000000000000000000e+00
5.328799999999942116e+01 5.000000000000000000e+00
5.328899999999941883e+01 5.000000000000000000e+00
5.328999999999941650e+01 5.000000000000000000e+00
5.329099999999941417e+01 5.000000000000000000e+00
5.329199999999941184e+01 5.000000000000000000e+00
5.329299999999940951e+01 5.000000000000000000e+00
5.329399999999940718e+01 5.000000000000000000e+00
5.329499999999940485e+01 5.000000000000000000e+00
5.329599999999940252e+01 5.000000000000000000e+00
5.329699999999940019e+01 5.000000000000000000e+00
5.329799999999939786e+01 5.000000000000000000e+00
5.329899999999939553e+01 5.000000000000000000e+00
5.329999999999939320e+01 5.000000000000000000e+00
5.330099999999939087e+01 5.000000000000000000e+00
5.330199999999938854e+01 5.000000000000000000e+00
5.330299999999938620e+01 5.000000000000000000e+00
5.330399999999938387e+01 5.000000000000000000e+00
5.330499999999938154e+01 5.000000000000000000e+00
5.330599999999937921e+01 5.000000000000000000e+00
5.330699999999937688e+01 5.000000000000000000e+00
5.330799999999937455e+01 5.000000000000000000e+00
5.330899999999937222e+01 5.000000000000000000e+00
5.330999999999936989e+01 5.000000000000000000e+00
5.331099999999936756e+01 5.000000000000000000e+00
5.331199999999936523e+01 5.000000000000000000e+00
5.331299999999936290e+01 5.000000000000000000e+00
5.331399999999936057e+01 5.000000000000000000e+00
5.331499999999935824e+01 5.000000000000000000e+00
5.331599999999935591e+01 5.000000000000000000e+00
5.331699999999935358e+01 5.000000000000000000e+00
5.331799999999935125e+01 5.000000000000000000e+00
5.331899999999934892e+01 5.000000000000000000e+00
5.331999999999934658e+01 5.000000000000000000e+00
5.332099999999934425e+01 5.000000000000000000e+00
5.332199999999934192e+01 5.000000000000000000e+00
5.332299999999933959e+01 5.000000000000000000e+00
5.332399999999933726e+01 5.000000000000000000e+00
5.332499999999933493e+01 5.000000000000000000e+00
5.332599999999933260e+01 5.000000000000000000e+00
5.332699999999933027e+01 5.000000000000000000e+00
5.332799999999932794e+01 5.000000000000000000e+00
5.332899999999932561e+01 5.000000000000000000e+00
5.332999999999932328e+01 5.000000000000000000e+00
5.333099999999932095e+01 5.000000000000000000e+00
5.333199999999931862e+01 5.000000000000000000e+00
5.333299999999931629e+01 5.000000000000000000e+00
5.333399999999931396e+01 5.000000000000000000e+00
5.333499999999931163e+01 5.000000000000000000e+00
5.333599999999930930e+01 5.000000000000000000e+00
5.333699999999930697e+01 5.000000000000000000e+00
5.333799999999930463e+01 5.000000000000000000e+00
5.333899999999930230e+01 5.000000000000000000e+00
5.333999999999929997e+01 5.000000000000000000e+00
5.334099999999929764e+01 5.000000000000000000e+00
5.334199999999929531e+01 5.000000000000000000e+00
5.334299999999929298e+01 5.000000000000000000e+00
5.334399999999929065e+01 5.000000000000000000e+00
5.334499999999928832e+01 5.000000000000000000e+00
5.334599999999928599e+01 5.000000000000000000e+00
5.334699999999928366e+01 5.000000000000000000e+00
5.334799999999928133e+01 5.000000000000000000e+00
5.334899999999927900e+01 5.000000000000000000e+00
5.334999999999927667e+01 5.000000000000000000e+00
5.335099999999927434e+01 5.000000000000000000e+00
5.335199999999927201e+01 5.000000000000000000e+00
5.335299999999926968e+01 5.000000000000000000e+00
5.335399999999926735e+01 5.000000000000000000e+00
5.335499999999926501e+01 5.000000000000000000e+00
5.335599999999926268e+01 5.000000000000000000e+00
5.335699999999926035e+01 5.000000000000000000e+00
5.335799999999925802e+01 5.000000000000000000e+00
5.335899999999925569e+01 5.000000000000000000e+00
5.335999999999925336e+01 5.000000000000000000e+00
5.336099999999925103e+01 5.000000000000000000e+00
5.336199999999924870e+01 5.000000000000000000e+00
5.336299999999924637e+01 5.000000000000000000e+00
5.336399999999924404e+01 5.000000000000000000e+00
5.336499999999924171e+01 5.000000000000000000e+00
5.336599999999923938e+01 5.000000000000000000e+00
5.336699999999923705e+01 5.000000000000000000e+00
5.336799999999923472e+01 5.000000000000000000e+00
5.336899999999923239e+01 5.000000000000000000e+00
5.336999999999923006e+01 5.000000000000000000e+00
5.337099999999922773e+01 5.000000000000000000e+00
5.337199999999922539e+01 5.000000000000000000e+00
5.337299999999922306e+01 5.000000000000000000e+00
5.337399999999922073e+01 5.000000000000000000e+00
5.337499999999921840e+01 5.000000000000000000e+00
5.337599999999921607e+01 5.000000000000000000e+00
5.337699999999921374e+01 5.000000000000000000e+00
5.337799999999921141e+01 5.000000000000000000e+00
5.337899999999920908e+01 5.000000000000000000e+00
5.337999999999920675e+01 5.000000000000000000e+00
5.338099999999920442e+01 5.000000000000000000e+00
5.338199999999920209e+01 5.000000000000000000e+00
5.338299999999919976e+01 5.000000000000000000e+00
5.338399999999919743e+01 5.000000000000000000e+00
5.338499999999919510e+01 5.000000000000000000e+00
5.338599999999919277e+01 5.000000000000000000e+00
5.338699999999919044e+01 5.000000000000000000e+00
5.338799999999918811e+01 5.000000000000000000e+00
5.338899999999918577e+01 5.000000000000000000e+00
5.338999999999918344e+01 5.000000000000000000e+00
5.339099999999918111e+01 5.000000000000000000e+00
5.339199999999917878e+01 5.000000000000000000e+00
5.339299999999917645e+01 5.000000000000000000e+00
5.339399999999917412e+01 5.000000000000000000e+00
5.339499999999917179e+01 5.000000000000000000e+00
5.339599999999916946e+01 5.000000000000000000e+00
5.339699999999916713e+01 5.000000000000000000e+00
5.339799999999916480e+01 5.000000000000000000e+00
5.339899999999916247e+01 5.000000000000000000e+00
5.339999999999916014e+01 5.000000000000000000e+00
5.340099999999915781e+01 5.000000000000000000e+00
5.340199999999915548e+01 5.000000000000000000e+00
5.340299999999915315e+01 5.000000000000000000e+00
5.340399999999915082e+01 5.000000000000000000e+00
5.340499999999914849e+01 5.000000000000000000e+00
5.340599999999914616e+01 5.000000000000000000e+00
5.340699999999914382e+01 5.000000000000000000e+00
5.340799999999914149e+01 5.000000000000000000e+00
5.340899999999913916e+01 5.000000000000000000e+00
5.340999999999913683e+01 5.000000000000000000e+00
5.341099999999913450e+01 5.000000000000000000e+00
5.341199999999913217e+01 5.000000000000000000e+00
5.341299999999912984e+01 5.000000000000000000e+00
5.341399999999912751e+01 5.000000000000000000e+00
5.341499999999912518e+01 5.000000000000000000e+00
5.341599999999912285e+01 5.000000000000000000e+00
5.341699999999912052e+01 5.000000000000000000e+00
5.341799999999911819e+01 5.000000000000000000e+00
5.341899999999911586e+01 5.000000000000000000e+00
5.341999999999911353e+01 5.000000000000000000e+00
5.342099999999911120e+01 5.000000000000000000e+00
5.342199999999910887e+01 5.000000000000000000e+00
5.342299999999910654e+01 5.000000000000000000e+00
5.342399999999910420e+01 5.000000000000000000e+00
5.342499999999910187e+01 5.000000000000000000e+00
5.342599999999909954e+01 5.000000000000000000e+00
5.342699999999909721e+01 5.000000000000000000e+00
5.342799999999909488e+01 5.000000000000000000e+00
5.342899999999909255e+01 5.000000000000000000e+00
5.342999999999909022e+01 5.000000000000000000e+00
5.343099999999908789e+01 5.000000000000000000e+00
5.343199999999908556e+01 5.000000000000000000e+00
5.343299999999908323e+01 5.000000000000000000e+00
5.343399999999908090e+01 5.000000000000000000e+00
5.343499999999907857e+01 5.000000000000000000e+00
5.343599999999907624e+01 5.000000000000000000e+00
5.343699999999907391e+01 5.000000000000000000e+00
5.343799999999907158e+01 5.000000000000000000e+00
5.343899999999906925e+01 5.000000000000000000e+00
5.343999999999906692e+01 1.000000000000000062e-09
