2.360000000000000142e+01 1.000000000000000062e-09
2.360100000000000264e+01 5.000000000000000000e+00
2.360200000000000387e+01 5.000000000000000000e+00
2.360300000000000509e+01 5.000000000000000000e+00
2.360400000000000631e+01 5.000000000000000000e+00
2.360500000000000753e+01 5.000000000000000000e+00
2.360600000000000875e+01 5.000000000000000000e+00
2.360700000000000998e+01 5.000000000000000000e+00
2.360800000000001120e+01 5.000000000000000000e+00
2.360900000000001242e+01 5.000000000000000000e+00
2.361000000000001364e+01 5.000000000000000000e+00
2.361100000000001486e+01 5.000000000000000000e+00
2.361200000000001609e+01 5.000000000000000000e+00
2.361300000000001731e+01 5.000000000000000000e+00
2.361400000000001853e+01 5.000000000000000000e+00
2.361500000000001975e+01 5.000000000000000000e+00
2.361600000000002098e+01 5.000000000000000000e+00
2.361700000000002220e+01 5.000000000000000000e+00
2.361800000000002342e+01 5.000000000000000000e+00
2.361900000000002464e+01 5.000000000000000000e+00
2.362000000000002586e+01 5.000000000000000000e+00
2.362100000000002709e+01 5.000000000000000000e+00
2.362200000000002831e+01 5.000000000000000000e+00
2.362300000000002953e+01 5.000000000000000000e+00
2.362400000000003075e+01 5.000000000000000000e+00
2.362500000000003197e+01 5.000000000000000000e+00
2.362600000000003320e+01 5.000000000000000000e+00
2.362700000000003442e+01 5.000000000000000000e+00
2.362800000000003564e+01 5.000000000000000000e+00
2.362900000000003686e+01 5.000000000000000000e+00
2.363000000000003809e+01 5.000000000000000000e+00
2.363100000000003931e+01 5.000000000000000000e+00
2.363200000000004053e+01 5.000000000000000000e+00
2.363300000000004175e+01 5.000000000000000000e+00
2.363400000000004297e+01 5.000000000000000000e+00
2.363500000000004420e+01 5.000000000000000000e+00
2.363600000000004542e+01 5.000000000000000000e+00
2.363700000000004664e+01 5.000000000000000000e+00
2.363800000000004786e+01 5.000000000000000000e+00
2.363900000000004908e+01 5.000000000000000000e+00
2.364000000000005031e+01 5.000000000000000000e+00
2.364100000000005153e+01 5.000000000000000000e+00
2.364200000000005275e+01 5.000000000000000000e+00
2.364300000000005397e+01 5.000000000000000000e+00
2.364400000000005519e+01 5.000000000000000000e+00
2.364500000000005642e+01 5.000000000000000000e+00
2.364600000000005764e+01 5.000000000000000000e+00
2.364700000000005886e+01 5.000000000000000000e+00
2.364800000000006008e+01 5.000000000000000000e+00
2.364900000000006131e+01 5.000000000000000000e+00
2.365000000000006253e+01 5.000000000000000000e+00
2.365100000000006375e+01 5.000000000000000000e+00
2.365200000000006497e+01 5.000000000000000000e+00
2.365300000000006619e+01 5.000000000000000000e+00
2.365400000000006742e+01 5.000000000000000000e+00
2.365500000000006864e+01 5.000000000000000000e+00
2.365600000000006986e+01 5.000000000000000000e+00
2.365700000000007108e+01 5.000000000000000000e+00
2.365800000000007230e+01 5.000000000000000000e+00
2.365900000000007353e+01 5.000000000000000000e+00
2.366000000000007475e+01 5.000000000000000000e+00
2.366100000000007597e+01 5.000000000000000000e+00
2.366200000000007719e+01 5.000000000000000000e+00
2.366300000000007842e+01 5.000000000000000000e+00
2.366400000000007964e+01 5.000000000000000000e+00
2.366500000000008086e+01 5.000000000000000000e+00
2.366600000000008208e+01 5.000000000000000000e+00
2.366700000000008330e+01 5.000000000000000000e+00
2.366800000000008453e+01 5.000000000000000000e+00
2.366900000000008575e+01 5.000000000000000000e+00
2.367000000000008697e+01 5.000000000000000000e+00
2.367100000000008819e+01 5.000000000000000000e+00
2.367200000000008941e+01 5.000000000000000000e+00
2.367300000000009064e+01 5.000000000000000000e+00
2.367400000000009186e+01 5.000000000000000000e+00
2.367500000000009308e+01 5.000000000000000000e+00
2.367600000000009430e+01 5.000000000000000000e+00
2.367700000000009553e+01 5.000000000000000000e+00
2.367800000000009675e+01 5.000000000000000000e+00
2.367900000000009797e+01 5.000000000000000000e+00
2.368000000000009919e+01 5.000000000000000000e+00
2.368100000000010041e+01 5.000000000000000000e+00
2.368200000000010164e+01 5.000000000000000000e+00
2.368300000000010286e+01 5.000000000000000000e+00
2.368400000000010408e+01 5.000000000000000000e+00
2.368500000000010530e+01 5.000000000000000000e+00
2.368600000000010652e+01 5.000000000000000000e+00
2.368700000000010775e+01 5.000000000000000000e+00
2.368800000000010897e+01 5.000000000000000000e+00
2.368900000000011019e+01 5.000000000000000000e+00
2.369000000000011141e+01 5.000000000000000000e+00
2.369100000000011264e+01 5.000000000000000000e+00
2.369200000000011386e+01 5.000000000000000000e+00
2.369300000000011508e+01 5.000000000000000000e+00
2.369400000000011630e+01 5.000000000000000000e+00
2.369500000000011752e+01 5.000000000000000000e+00
2.369600000000011875e+01 5.000000000000000000e+00
2.369700000000011997e+01 5.000000000000000000e+00
2.369800000000012119e+01 5.000000000000000000e+00
2.369900000000012241e+01 5.000000000000000000e+00
2.370000000000012363e+01 5.000000000000000000e+00
2.370100000000012486e+01 5.000000000000000000e+00
2.370200000000012608e+01 5.000000000000000000e+00
2.370300000000012730e+01 5.000000000000000000e+00
2.370400000000012852e+01 5.000000000000000000e+00
2.370500000000012975e+01 5.000000000000000000e+00
2.370600000000013097e+01 5.000000000000000000e+00
2.370700000000013219e+01 5.000000000000000000e+00
2.370800000000013341e+01 5.000000000000000000e+00
2.370900000000013463e+01 5.000000000000000000e+00
2.371000000000013586e+01 5.000000000000000000e+00
2.371100000000013708e+01 5.000000000000000000e+00
2.371200000000013830e+01 5.000000000000000000e+00
2.371300000000013952e+01 5.000000000000000000e+00
2.371400000000014074e+01 5.000000000000000000e+00
2.371500000000014197e+01 5.000000000000000000e+00
2.371600000000014319e+01 5.000000000000000000e+00
2.371700000000014441e+01 5.000000000000000000e+00
2.371800000000014563e+01 5.000000000000000000e+00
2.371900000000014685e+01 5.000000000000000000e+00
2.372000000000014808e+01 5.000000000000000000e+00
2.372100000000014930e+01 5.000000000000000000e+00
2.372200000000015052e+01 5.000000000000000000e+00
2.372300000000015174e+01 5.000000000000000000e+00
2.372400000000015297e+01 5.000000000000000000e+00
2.372500000000015419e+01 5.000000000000000000e+00
2.372600000000015541e+01 5.000000000000000000e+00
2.372700000000015663e+01 5.000000000000000000e+00
2.372800000000015785e+01 5.000000000000000000e+00
2.372900000000015908e+01 5.000000000000000000e+00
2.373000000000016030e+01 5.000000000000000000e+00
2.373100000000016152e+01 5.000000000000000000e+00
2.373200000000016274e+01 5.000000000000000000e+00
2.373300000000016396e+01 5.000000000000000000e+00
2.373400000000016519e+01 5.000000000000000000e+00
2.373500000000016641e+01 5.000000000000000000e+00
2.373600000000016763e+01 5.000000000000000000e+00
2.373700000000016885e+01 5.000000000000000000e+00
2.373800000000017008e+01 5.000000000000000000e+00
2.373900000000017130e+01 5.000000000000000000e+00
2.374000000000017252e+01 5.000000000000000000e+00
2.374100000000017374e+01 5.000000000000000000e+00
2.374200000000017496e+01 5.000000000000000000e+00
2.374300000000017619e+01 5.000000000000000000e+00
2.374400000000017741e+01 5.000000000000000000e+00
2.374500000000017863e+01 5.000000000000000000e+00
2.374600000000017985e+01 5.000000000000000000e+00
2.374700000000018107e+01 5.000000000000000000e+00
2.374800000000018230e+01 5.000000000000000000e+00
2.374900000000018352e+01 5.000000000000000000e+00
2.375000000000018474e+01 5.000000000000000000e+00
2.375100000000018596e+01 5.000000000000000000e+00
2.375200000000018719e+01 5.000000000000000000e+00
2.375300000000018841e+01 5.000000000000000000e+00
2.375400000000018963e+01 5.000000000000000000e+00
2.375500000000019085e+01 5.000000000000000000e+00
2.375600000000019207e+01 5.000000000000000000e+00
2.375700000000019330e+01 5.000000000000000000e+00
2.375800000000019452e+01 5.000000000000000000e+00
2.375900000000019574e+01 5.000000000000000000e+00
2.376000000000019696e+01 5.000000000000000000e+00
2.376100000000019818e+01 5.000000000000000000e+00
2.376200000000019941e+01 5.000000000000000000e+00
2.376300000000020063e+01 5.000000000000000000e+00
2.376400000000020185e+01 5.000000000000000000e+00
2.376500000000020307e+01 5.000000000000000000e+00
2.376600000000020430e+01 5.000000000000000000e+00
2.376700000000020552e+01 5.000000000000000000e+00
2.376800000000020674e+01 5.000000000000000000e+00
2.376900000000020796e+01 5.000000000000000000e+00
2.377000000000020918e+01 5.000000000000000000e+00
2.377100000000021041e+01 5.000000000000000000e+00
2.377200000000021163e+01 5.000000000000000000e+00
2.377300000000021285e+01 5.000000000000000000e+00
2.377400000000021407e+01 5.000000000000000000e+00
2.377500000000021529e+01 5.000000000000000000e+00
2.377600000000021652e+01 5.000000000000000000e+00
2.377700000000021774e+01 5.000000000000000000e+00
2.377800000000021896e+01 5.000000000000000000e+00
2.377900000000022018e+01 5.000000000000000000e+00
2.378000000000022141e+01 5.000000000000000000e+00
2.378100000000022263e+01 5.000000000000000000e+00
2.378200000000022385e+01 5.000000000000000000e+00
2.378300000000022507e+01 5.000000000000000000e+00
2.378400000000022629e+01 5.000000000000000000e+00
2.378500000000022752e+01 5.000000000000000000e+00
2.378600000000022874e+01 5.000000000000000000e+00
2.378700000000022996e+01 5.000000000000000000e+00
2.378800000000023118e+01 5.000000000000000000e+00
2.378900000000023240e+01 5.000000000000000000e+00
2.379000000000023363e+01 5.000000000000000000e+00
2.379100000000023485e+01 5.000000000000000000e+00
2.379200000000023607e+01 5.000000000000000000e+00
2.379300000000023729e+01 5.000000000000000000e+00
2.379400000000023851e+01 5.000000000000000000e+00
2.379500000000023974e+01 5.000000000000000000e+00
2.379600000000024096e+01 5.000000000000000000e+00
2.379700000000024218e+01 5.000000000000000000e+00
2.379800000000024340e+01 5.000000000000000000e+00
2.379900000000024463e+01 5.000000000000000000e+00
2.380000000000024585e+01 5.000000000000000000e+00
2.380100000000024707e+01 5.000000000000000000e+00
2.380200000000024829e+01 5.000000000000000000e+00
2.380300000000024951e+01 5.000000000000000000e+00
2.380400000000025074e+01 5.000000000000000000e+00
2.380500000000025196e+01 5.000000000000000000e+00
2.380600000000025318e+01 5.000000000000000000e+00
2.380700000000025440e+01 5.000000000000000000e+00
2.380800000000025562e+01 5.000000000000000000e+00
2.380900000000025685e+01 5.000000000000000000e+00
2.381000000000025807e+01 5.000000000000000000e+00
2.381100000000025929e+01 5.000000000000000000e+00
2.381200000000026051e+01 5.000000000000000000e+00
2.381300000000026174e+01 5.000000000000000000e+00
2.381400000000026296e+01 5.000000000000000000e+00
2.381500000000026418e+01 5.000000000000000000e+00
2.381600000000026540e+01 5.000000000000000000e+00
2.381700000000026662e+01 5.000000000000000000e+00
2.381800000000026785e+01 5.000000000000000000e+00
2.381900000000026907e+01 5.000000000000000000e+00
2.382000000000027029e+01 5.000000000000000000e+00
2.382100000000027151e+01 5.000000000000000000e+00
2.382200000000027273e+01 5.000000000000000000e+00
2.382300000000027396e+01 5.000000000000000000e+00
2.382400000000027518e+01 5.000000000000000000e+00
2.382500000000027640e+01 5.000000000000000000e+00
2.382600000000027762e+01 5.000000000000000000e+00
2.382700000000027885e+01 5.000000000000000000e+00
2.382800000000028007e+01 5.000000000000000000e+00
2.382900000000028129e+01 5.000000000000000000e+00
2.383000000000028251e+01 5.000000000000000000e+00
2.383100000000028373e+01 5.000000000000000000e+00
2.383200000000028496e+01 5.000000000000000000e+00
2.383300000000028618e+01 5.000000000000000000e+00
2.383400000000028740e+01 5.000000000000000000e+00
2.383500000000028862e+01 5.000000000000000000e+00
2.383600000000028984e+01 5.000000000000000000e+00
2.383700000000029107e+01 5.000000000000000000e+00
2.383800000000029229e+01 5.000000000000000000e+00
2.383900000000029351e+01 5.000000000000000000e+00
2.384000000000029473e+01 5.000000000000000000e+00
2.384100000000029596e+01 5.000000000000000000e+00
2.384200000000029718e+01 5.000000000000000000e+00
2.384300000000029840e+01 5.000000000000000000e+00
2.384400000000029962e+01 5.000000000000000000e+00
2.384500000000030084e+01 5.000000000000000000e+00
2.384600000000030207e+01 5.000000000000000000e+00
2.384700000000030329e+01 5.000000000000000000e+00
2.384800000000030451e+01 5.000000000000000000e+00
2.384900000000030573e+01 5.000000000000000000e+00
2.385000000000030695e+01 5.000000000000000000e+00
2.385100000000030818e+01 5.000000000000000000e+00
2.385200000000030940e+01 5.000000000000000000e+00
2.385300000000031062e+01 5.000000000000000000e+00
2.385400000000031184e+01 5.000000000000000000e+00
2.385500000000031307e+01 5.000000000000000000e+00
2.385600000000031429e+01 5.000000000000000000e+00
2.385700000000031551e+01 5.000000000000000000e+00
2.385800000000031673e+01 5.000000000000000000e+00
2.385900000000031795e+01 5.000000000000000000e+00
2.386000000000031918e+01 5.000000000000000000e+00
2.386100000000032040e+01 5.000000000000000000e+00
2.386200000000032162e+01 5.000000000000000000e+00
2.386300000000032284e+01 5.000000000000000000e+00
2.386400000000032406e+01 5.000000000000000000e+00
2.386500000000032529e+01 5.000000000000000000e+00
2.386600000000032651e+01 5.000000000000000000e+00
2.386700000000032773e+01 5.000000000000000000e+00
2.386800000000032895e+01 5.000000000000000000e+00
2.386900000000033017e+01 5.000000000000000000e+00
2.387000000000033140e+01 5.000000000000000000e+00
2.387100000000033262e+01 5.000000000000000000e+00
2.387200000000033384e+01 5.000000000000000000e+00
2.387300000000033506e+01 5.000000000000000000e+00
2.387400000000033629e+01 5.000000000000000000e+00
2.387500000000033751e+01 5.000000000000000000e+00
2.387600000000033873e+01 5.000000000000000000e+00
2.387700000000033995e+01 5.000000000000000000e+00
2.387800000000034117e+01 5.000000000000000000e+00
2.387900000000034240e+01 5.000000000000000000e+00
2.388000000000034362e+01 5.000000000000000000e+00
2.388100000000034484e+01 5.000000000000000000e+00
2.388200000000034606e+01 5.000000000000000000e+00
2.388300000000034728e+01 5.000000000000000000e+00
2.388400000000034851e+01 5.000000000000000000e+00
2.388500000000034973e+01 5.000000000000000000e+00
2.388600000000035095e+01 5.000000000000000000e+00
2.388700000000035217e+01 5.000000000000000000e+00
2.388800000000035340e+01 5.000000000000000000e+00
2.388900000000035462e+01 5.000000000000000000e+00
2.389000000000035584e+01 5.000000000000000000e+00
2.389100000000035706e+01 5.000000000000000000e+00
2.389200000000035828e+01 5.000000000000000000e+00
2.389300000000035951e+01 5.000000000000000000e+00
2.389400000000036073e+01 5.000000000000000000e+00
2.389500000000036195e+01 5.000000000000000000e+00
2.389600000000036317e+01 5.000000000000000000e+00
2.389700000000036439e+01 5.000000000000000000e+00
2.389800000000036562e+01 5.000000000000000000e+00
2.389900000000036684e+01 5.000000000000000000e+00
2.390000000000036806e+01 5.000000000000000000e+00
2.390100000000036928e+01 5.000000000000000000e+00
2.390200000000037051e+01 5.000000000000000000e+00
2.390300000000037173e+01 5.000000000000000000e+00
2.390400000000037295e+01 5.000000000000000000e+00
2.390500000000037417e+01 5.000000000000000000e+00
2.390600000000037539e+01 5.000000000000000000e+00
2.390700000000037662e+01 5.000000000000000000e+00
2.390800000000037784e+01 5.000000000000000000e+00
2.390900000000037906e+01 5.000000000000000000e+00
2.391000000000038028e+01 5.000000000000000000e+00
2.391100000000038150e+01 5.000000000000000000e+00
2.391200000000038273e+01 5.000000000000000000e+00
2.391300000000038395e+01 5.000000000000000000e+00
2.391400000000038517e+01 5.000000000000000000e+00
2.391500000000038639e+01 5.000000000000000000e+00
2.391600000000038762e+01 5.000000000000000000e+00
2.391700000000038884e+01 5.000000000000000000e+00
2.391800000000039006e+01 5.000000000000000000e+00
2.391900000000039128e+01 5.000000000000000000e+00
2.392000000000039250e+01 5.000000000000000000e+00
2.392100000000039373e+01 5.000000000000000000e+00
2.392200000000039495e+01 5.000000000000000000e+00
2.392300000000039617e+01 5.000000000000000000e+00
2.392400000000039739e+01 5.000000000000000000e+00
2.392500000000039861e+01 5.000000000000000000e+00
2.392600000000039984e+01 5.000000000000000000e+00
2.392700000000040106e+01 5.000000000000000000e+00
2.392800000000040228e+01 5.000000000000000000e+00
2.392900000000040350e+01 5.000000000000000000e+00
2.393000000000040473e+01 5.000000000000000000e+00
2.393100000000040595e+01 5.000000000000000000e+00
2.393200000000040717e+01 5.000000000000000000e+00
2.393300000000040839e+01 5.000000000000000000e+00
2.393400000000040961e+01 5.000000000000000000e+00
2.393500000000041084e+01 5.000000000000000000e+00
2.393600000000041206e+01 5.000000000000000000e+00
2.393700000000041328e+01 5.000000000000000000e+00
2.393800000000041450e+01 5.000000000000000000e+00
2.393900000000041572e+01 5.000000000000000000e+00
2.394000000000041695e+01 5.000000000000000000e+00
2.394100000000041817e+01 5.000000000000000000e+00
2.394200000000041939e+01 5.000000000000000000e+00
2.394300000000042061e+01 5.000000000000000000e+00
2.394400000000042184e+01 5.000000000000000000e+00
2.394500000000042306e+01 5.000000000000000000e+00
2.394600000000042428e+01 5.000000000000000000e+00
2.394700000000042550e+01 5.000000000000000000e+00
2.394800000000042672e+01 5.000000000000000000e+00
2.394900000000042795e+01 5.000000000000000000e+00
2.395000000000042917e+01 5.000000000000000000e+00
2.395100000000043039e+01 5.000000000000000000e+00
2.395200000000043161e+01 5.000000000000000000e+00
2.395300000000043283e+01 5.000000000000000000e+00
2.395400000000043406e+01 5.000000000000000000e+00
2.395500000000043528e+01 5.000000000000000000e+00
2.395600000000043650e+01 5.000000000000000000e+00
2.395700000000043772e+01 5.000000000000000000e+00
2.395800000000043894e+01 5.000000000000000000e+00
2.395900000000044017e+01 5.000000000000000000e+00
2.396000000000044139e+01 5.000000000000000000e+00
2.396100000000044261e+01 5.000000000000000000e+00
2.396200000000044383e+01 5.000000000000000000e+00
2.396300000000044506e+01 5.000000000000000000e+00
2.396400000000044628e+01 5.000000000000000000e+00
2.396500000000044750e+01 5.000000000000000000e+00
2.396600000000044872e+01 5.000000000000000000e+00
2.396700000000044994e+01 5.000000000000000000e+00
2.396800000000045117e+01 5.000000000000000000e+00
2.396900000000045239e+01 5.000000000000000000e+00
2.397000000000045361e+01 5.000000000000000000e+00
2.397100000000045483e+01 5.000000000000000000e+00
2.397200000000045605e+01 5.000000000000000000e+00
2.397300000000045728e+01 5.000000000000000000e+00
2.397400000000045850e+01 5.000000000000000000e+00
2.397500000000045972e+01 5.000000000000000000e+00
2.397600000000046094e+01 5.000000000000000000e+00
2.397700000000046217e+01 5.000000000000000000e+00
2.397800000000046339e+01 5.000000000000000000e+00
2.397900000000046461e+01 5.000000000000000000e+00
2.398000000000046583e+01 5.000000000000000000e+00
2.398100000000046705e+01 5.000000000000000000e+00
2.398200000000046828e+01 5.000000000000000000e+00
2.398300000000046950e+01 5.000000000000000000e+00
2.398400000000047072e+01 5.000000000000000000e+00
2.398500000000047194e+01 5.000000000000000000e+00
2.398600000000047316e+01 5.000000000000000000e+00
2.398700000000047439e+01 5.000000000000000000e+00
2.398800000000047561e+01 5.000000000000000000e+00
2.398900000000047683e+01 5.000000000000000000e+00
2.399000000000047805e+01 5.000000000000000000e+00
2.399100000000047928e+01 5.000000000000000000e+00
2.399200000000048050e+01 5.000000000000000000e+00
2.399300000000048172e+01 5.000000000000000000e+00
2.399400000000048294e+01 5.000000000000000000e+00
2.399500000000048416e+01 5.000000000000000000e+00
2.399600000000048539e+01 5.000000000000000000e+00
2.399700000000048661e+01 5.000000000000000000e+00
2.399800000000048783e+01 5.000000000000000000e+00
2.399900000000048905e+01 1.000000000000000062e-09
