3.129999999999999716e+01 1.000000000000000062e-09
3.130099999999999838e+01 1.000000000000000000e+01
3.130199999999999960e+01 1.000000000000000000e+01
3.130300000000000082e+01 1.000000000000000000e+01
3.130400000000000205e+01 1.000000000000000000e+01
3.130500000000000327e+01 1.000000000000000000e+01
3.130600000000000449e+01 1.000000000000000000e+01
3.130700000000000571e+01 1.000000000000000000e+01
3.130800000000000693e+01 1.000000000000000000e+01
3.130900000000000816e+01 1.000000000000000000e+01
3.131000000000000938e+01 1.000000000000000000e+01
3.131100000000001060e+01 1.000000000000000000e+01
3.131200000000001182e+01 1.000000000000000000e+01
3.131300000000001305e+01 1.000000000000000000e+01
3.131400000000001427e+01 1.000000000000000000e+01
3.131500000000001549e+01 1.000000000000000000e+01
3.131600000000001671e+01 1.000000000000000000e+01
3.131700000000001793e+01 1.000000000000000000e+01
3.131800000000001916e+01 1.000000000000000000e+01
3.131900000000002038e+01 1.000000000000000000e+01
3.132000000000002160e+01 1.000000000000000000e+01
3.132100000000002282e+01 1.000000000000000000e+01
3.132200000000002404e+01 1.000000000000000000e+01
3.132300000000002527e+01 1.000000000000000000e+01
3.132400000000002649e+01 1.000000000000000000e+01
3.132500000000002771e+01 1.000000000000000000e+01
3.132600000000002893e+01 1.000000000000000000e+01
3.132700000000003016e+01 1.000000000000000000e+01
3.132800000000003138e+01 1.000000000000000000e+01
3.132900000000003260e+01 1.000000000000000000e+01
3.133000000000003382e+01 1.000000000000000000e+01
3.133100000000003504e+01 1.000000000000000000e+01
3.133200000000003627e+01 1.000000000000000000e+01
3.133300000000003749e+01 1.000000000000000000e+01
3.133400000000003871e+01 1.000000000000000000e+01
3.133500000000003993e+01 1.000000000000000000e+01
3.133600000000004115e+01 1.000000000000000000e+01
3.133700000000004238e+01 1.000000000000000000e+01
3.133800000000004360e+01 1.000000000000000000e+01
3.133900000000004482e+01 1.000000000000000000e+01
3.134000000000004604e+01 1.000000000000000000e+01
3.134100000000004727e+01 1.000000000000000000e+01
3.134200000000004849e+01 1.000000000000000000e+01
3.134300000000004971e+01 1.000000000000000000e+01
3.134400000000005093e+01 1.000000000000000000e+01
3.134500000000005215e+01 1.000000000000000000e+01
3.134600000000005338e+01 1.000000000000000000e+01
3.134700000000005460e+01 1.000000000000000000e+01
3.134800000000005582e+01 1.000000000000000000e+01
3.134900000000005704e+01 1.000000000000000000e+01
3.135000000000005826e+01 1.000000000000000000e+01
3.135100000000005949e+01 1.000000000000000000e+01
3.135200000000006071e+01 1.000000000000000000e+01
3.135300000000006193e+01 1.000000000000000000e+01
3.135400000000006315e+01 1.000000000000000000e+01
3.135500000000006438e+01 1.000000000000000000e+01
3.135600000000006560e+01 1.000000000000000000e+01
3.135700000000006682e+01 1.000000000000000000e+01
3.135800000000006804e+01 1.000000000000000000e+01
3.135900000000006926e+01 1.000000000000000000e+01
3.136000000000007049e+01 1.000000000000000000e+01
3.136100000000007171e+01 1.000000000000000000e+01
3.136200000000007293e+01 1.000000000000000000e+01
3.136300000000007415e+01 1.000000000000000000e+01
3.136400000000007537e+01 1.000000000000000000e+01
3.136500000000007660e+01 1.000000000000000000e+01
3.136600000000007782e+01 1.000000000000000000e+01
3.136700000000007904e+01 1.000000000000000000e+01
3.136800000000008026e+01 1.000000000000000000e+01
3.136900000000008149e+01 1.000000000000000000e+01
3.137000000000008271e+01 1.000000000000000000e+01
3.137100000000008393e+01 1.000000000000000000e+01
3.137200000000008515e+01 1.000000000000000000e+01
3.137300000000008637e+01 1.000000000000000000e+01
3.137400000000008760e+01 1.000000000000000000e+01
3.137500000000008882e+01 1.000000000000000000e+01
3.137600000000009004e+01 1.000000000000000000e+01
3.137700000000009126e+01 1.000000000000000000e+01
3.137800000000009248e+01 1.000000000000000000e+01
3.137900000000009371e+01 1.000000000000000000e+01
3.138000000000009493e+01 1.000000000000000000e+01
3.138100000000009615e+01 1.000000000000000000e+01
3.138200000000009737e+01 1.000000000000000000e+01
3.138300000000009859e+01 1.000000000000000000e+01
3.138400000000009982e+01 1.000000000000000000e+01
3.138500000000010104e+01 1.000000000000000000e+01
3.138600000000010226e+01 1.000000000000000000e+01
3.138700000000010348e+01 1.000000000000000000e+01
3.138800000000010471e+01 1.000000000000000000e+01
3.138900000000010593e+01 1.000000000000000000e+01
3.139000000000010715e+01 1.000000000000000000e+01
3.139100000000010837e+01 1.000000000000000000e+01
3.139200000000010959e+01 1.000000000000000000e+01
3.139300000000011082e+01 1.000000000000000000e+01
3.139400000000011204e+01 1.000000000000000000e+01
3.139500000000011326e+01 1.000000000000000000e+01
3.139600000000011448e+01 1.000000000000000000e+01
3.139700000000011570e+01 1.000000000000000000e+01
3.139800000000011693e+01 1.000000000000000000e+01
3.139900000000011815e+01 1.000000000000000000e+01
3.140000000000011937e+01 1.000000000000000000e+01
3.140100000000012059e+01 1.000000000000000000e+01
3.140200000000012182e+01 1.000000000000000000e+01
3.140300000000012304e+01 1.000000000000000000e+01
3.140400000000012426e+01 1.000000000000000000e+01
3.140500000000012548e+01 1.000000000000000000e+01
3.140600000000012670e+01 1.000000000000000000e+01
3.140700000000012793e+01 1.000000000000000000e+01
3.140800000000012915e+01 1.000000000000000000e+01
3.140900000000013037e+01 1.000000000000000000e+01
3.141000000000013159e+01 1.000000000000000000e+01
3.141100000000013281e+01 1.000000000000000000e+01
3.141200000000013404e+01 1.000000000000000000e+01
3.141300000000013526e+01 1.000000000000000000e+01
3.141400000000013648e+01 1.000000000000000000e+01
3.141500000000013770e+01 1.000000000000000000e+01
3.141600000000013893e+01 1.000000000000000000e+01
3.141700000000014015e+01 1.000000000000000000e+01
3.141800000000014137e+01 1.000000000000000000e+01
3.141900000000014259e+01 1.000000000000000000e+01
3.142000000000014381e+01 1.000000000000000000e+01
3.142100000000014504e+01 1.000000000000000000e+01
3.142200000000014626e+01 1.000000000000000000e+01
3.142300000000014748e+01 1.000000000000000000e+01
3.142400000000014870e+01 1.000000000000000000e+01
3.142500000000014992e+01 1.000000000000000000e+01
3.142600000000015115e+01 1.000000000000000000e+01
3.142700000000015237e+01 1.000000000000000000e+01
3.142800000000015359e+01 1.000000000000000000e+01
3.142900000000015481e+01 1.000000000000000000e+01
3.143000000000015604e+01 1.000000000000000000e+01
3.143100000000015726e+01 1.000000000000000000e+01
3.143200000000015848e+01 1.000000000000000000e+01
3.143300000000015970e+01 1.000000000000000000e+01
3.143400000000016092e+01 1.000000000000000000e+01
3.143500000000016215e+01 1.000000000000000000e+01
3.143600000000016337e+01 1.000000000000000000e+01
3.143700000000016459e+01 1.000000000000000000e+01
3.143800000000016581e+01 1.000000000000000000e+01
3.143900000000016703e+01 1.000000000000000000e+01
3.144000000000016826e+01 1.000000000000000000e+01
3.144100000000016948e+01 1.000000000000000000e+01
3.144200000000017070e+01 1.000000000000000000e+01
3.144300000000017192e+01 1.000000000000000000e+01
3.144400000000017315e+01 1.000000000000000000e+01
3.144500000000017437e+01 1.000000000000000000e+01
3.144600000000017559e+01 1.000000000000000000e+01
3.144700000000017681e+01 1.000000000000000000e+01
3.144800000000017803e+01 1.000000000000000000e+01
3.144900000000017926e+01 1.000000000000000000e+01
3.145000000000018048e+01 1.000000000000000000e+01
3.145100000000018170e+01 1.000000000000000000e+01
3.145200000000018292e+01 1.000000000000000000e+01
3.145300000000018414e+01 1.000000000000000000e+01
3.145400000000018537e+01 1.000000000000000000e+01
3.145500000000018659e+01 1.000000000000000000e+01
3.145600000000018781e+01 1.000000000000000000e+01
3.145700000000018903e+01 1.000000000000000000e+01
3.145800000000019025e+01 1.000000000000000000e+01
3.145900000000019148e+01 1.000000000000000000e+01
3.146000000000019270e+01 1.000000000000000000e+01
3.146100000000019392e+01 1.000000000000000000e+01
3.146200000000019514e+01 1.000000000000000000e+01
3.146300000000019637e+01 1.000000000000000000e+01
3.146400000000019759e+01 1.000000000000000000e+01
3.146500000000019881e+01 1.000000000000000000e+01
3.146600000000020003e+01 1.000000000000000000e+01
3.146700000000020125e+01 1.000000000000000000e+01
3.146800000000020248e+01 1.000000000000000000e+01
3.146900000000020370e+01 1.000000000000000000e+01
3.147000000000020492e+01 1.000000000000000000e+01
3.147100000000020614e+01 1.000000000000000000e+01
3.147200000000020736e+01 1.000000000000000000e+01
3.147300000000020859e+01 1.000000000000000000e+01
3.147400000000020981e+01 1.000000000000000000e+01
3.147500000000021103e+01 1.000000000000000000e+01
3.147600000000021225e+01 1.000000000000000000e+01
3.147700000000021348e+01 1.000000000000000000e+01
3.147800000000021470e+01 1.000000000000000000e+01
3.147900000000021592e+01 1.000000000000000000e+01
3.148000000000021714e+01 1.000000000000000000e+01
3.148100000000021836e+01 1.000000000000000000e+01
3.148200000000021959e+01 1.000000000000000000e+01
3.148300000000022081e+01 1.000000000000000000e+01
3.148400000000022203e+01 1.000000000000000000e+01
3.148500000000022325e+01 1.000000000000000000e+01
3.148600000000022447e+01 1.000000000000000000e+01
3.148700000000022570e+01 1.000000000000000000e+01
3.148800000000022692e+01 1.000000000000000000e+01
3.148900000000022814e+01 1.000000000000000000e+01
3.149000000000022936e+01 1.000000000000000000e+01
3.149100000000023059e+01 1.000000000000000000e+01
3.149200000000023181e+01 1.000000000000000000e+01
3.149300000000023303e+01 1.000000000000000000e+01
3.149400000000023425e+01 1.000000000000000000e+01
3.149500000000023547e+01 1.000000000000000000e+01
3.149600000000023670e+01 1.000000000000000000e+01
3.149700000000023792e+01 1.000000000000000000e+01
3.149800000000023914e+01 1.000000000000000000e+01
3.149900000000024036e+01 1.000000000000000000e+01
3.150000000000024158e+01 1.000000000000000062e-09
