5.240999999999999659e+01 1.000000000000000062e-09
5.241099999999999426e+01 5.000000000000000000e+00
5.241199999999999193e+01 5.000000000000000000e+00
5.241299999999998960e+01 5.000000000000000000e+00
5.241399999999998727e+01 5.000000000000000000e+00
5.241499999999998494e+01 5.000000000000000000e+00
5.241599999999998261e+01 5.000000000000000000e+00
5.241699999999998028e+01 5.000000000000000000e+00
5.241799999999997794e+01 5.000000000000000000e+00
5.241899999999997561e+01 5.000000000000000000e+00
5.241999999999997328e+01 5.000000000000000000e+00
5.242099999999997095e+01 5.000000000000000000e+00
5.242199999999996862e+01 5.000000000000000000e+00
5.242299999999996629e+01 5.000000000000000000e+00
5.242399999999996396e+01 5.000000000000000000e+00
5.242499999999996163e+01 5.000000000000000000e+00
5.242599999999995930e+01 5.000000000000000000e+00
5.242699999999995697e+01 5.000000000000000000e+00
5.242799999999995464e+01 5.000000000000000000e+00
5.242899999999995231e+01 5.000000000000000000e+00
5.242999999999994998e+01 5.000000000000000000e+00
5.243099999999994765e+01 5.000000000000000000e+00
5.243199999999994532e+01 5.000000000000000000e+00
5.243299999999994299e+01 5.000000000000000000e+00
5.243399999999994066e+01 5.000000000000000000e+00
5.243499999999993832e+01 5.000000000000000000e+00
5.243599999999993599e+01 5.000000000000000000e+00
5.243699999999993366e+01 5.000000000000000000e+00
5.243799999999993133e+01 5.000000000000000000e+00
5.243899999999992900e+01 5.000000000000000000e+00
5.243999999999992667e+01 5.000000000000000000e+00
5.244099999999992434e+01 5.000000000000000000e+00
5.244199999999992201e+01 5.000000000000000000e+00
5.244299999999991968e+01 5.000000000000000000e+00
5.244399999999991735e+01 5.000000000000000000e+00
5.244499999999991502e+01 5.000000000000000000e+00
5.244599999999991269e+01 5.000000000000000000e+00
5.244699999999991036e+01 5.000000000000000000e+00
5.244799999999990803e+01 5.000000000000000000e+00
5.244899999999990570e+01 5.000000000000000000e+00
5.244999999999990337e+01 5.000000000000000000e+00
5.245099999999990104e+01 5.000000000000000000e+00
5.245199999999989871e+01 5.000000000000000000e+00
5.245299999999989637e+01 5.000000000000000000e+00
5.245399999999989404e+01 5.000000000000000000e+00
5.245499999999989171e+01 5.000000000000000000e+00
5.245599999999988938e+01 5.000000000000000000e+00
5.245699999999988705e+01 5.000000000000000000e+00
5.245799999999988472e+01 5.000000000000000000e+00
5.245899999999988239e+01 5.000000000000000000e+00
5.245999999999988006e+01 5.000000000000000000e+00
5.246099999999987773e+01 5.000000000000000000e+00
5.246199999999987540e+01 5.000000000000000000e+00
5.246299999999987307e+01 5.000000000000000000e+00
5.246399999999987074e+01 5.000000000000000000e+00
5.246499999999986841e+01 5.000000000000000000e+00
5.246599999999986608e+01 5.000000000000000000e+00
5.246699999999986375e+01 5.000000000000000000e+00
5.246799999999986142e+01 5.000000000000000000e+00
5.246899999999985909e+01 5.000000000000000000e+00
5.246999999999985675e+01 5.000000000000000000e+00
5.247099999999985442e+01 5.000000000000000000e+00
5.247199999999985209e+01 5.000000000000000000e+00
5.247299999999984976e+01 5.000000000000000000e+00
5.247399999999984743e+01 5.000000000000000000e+00
5.247499999999984510e+01 5.000000000000000000e+00
5.247599999999984277e+01 5.000000000000000000e+00
5.247699999999984044e+01 5.000000000000000000e+00
5.247799999999983811e+01 5.000000000000000000e+00
5.247899999999983578e+01 5.000000000000000000e+00
5.247999999999983345e+01 5.000000000000000000e+00
5.248099999999983112e+01 5.000000000000000000e+00
5.248199999999982879e+01 5.000000000000000000e+00
5.248299999999982646e+01 5.000000000000000000e+00
5.248399999999982413e+01 5.000000000000000000e+00
5.248499999999982180e+01 5.000000000000000000e+00
5.248599999999981947e+01 5.000000000000000000e+00
5.248699999999981713e+01 5.000000000000000000e+00
5.248799999999981480e+01 5.000000000000000000e+00
5.248899999999981247e+01 5.000000000000000000e+00
5.248999999999981014e+01 5.000000000000000000e+00
5.249099999999980781e+01 5.000000000000000000e+00
5.249199999999980548e+01 5.000000000000000000e+00
5.249299999999980315e+01 5.000000000000000000e+00
5.249399999999980082e+01 5.000000000000000000e+00
5.249499999999979849e+01 5.000000000000000000e+00
5.249599999999979616e+01 5.000000000000000000e+00
5.249699999999979383e+01 5.000000000000000000e+00
5.249799999999979150e+01 5.000000000000000000e+00
5.249899999999978917e+01 5.000000000000000000e+00
5.249999999999978684e+01 5.000000000000000000e+00
5.250099999999978451e+01 5.000000000000000000e+00
5.250199999999978218e+01 5.000000000000000000e+00
5.250299999999977985e+01 5.000000000000000000e+00
5.250399999999977751e+01 5.000000000000000000e+00
5.250499999999977518e+01 5.000000000000000000e+00
5.250599999999977285e+01 5.000000000000000000e+00
5.250699999999977052e+01 5.000000000000000000e+00
5.250799999999976819e+01 5.000000000000000000e+00
5.250899999999976586e+01 5.000000000000000000e+00
5.250999999999976353e+01 5.000000000000000000e+00
5.251099999999976120e+01 5.000000000000000000e+00
5.251199999999975887e+01 5.000000000000000000e+00
5.251299999999975654e+01 5.000000000000000000e+00
5.251399999999975421e+01 5.000000000000000000e+00
5.251499999999975188e+01 5.000000000000000000e+00
5.251599999999974955e+01 5.000000000000000000e+00
5.251699999999974722e+01 5.000000000000000000e+00
5.251799999999974489e+01 5.000000000000000000e+00
5.251899999999974256e+01 5.000000000000000000e+00
5.251999999999974023e+01 5.000000000000000000e+00
5.252099999999973789e+01 5.000000000000000000e+00
5.252199999999973556e+01 5.000000000000000000e+00
5.252299999999973323e+01 5.000000000000000000e+00
5.252399999999973090e+01 5.000000000000000000e+00
5.252499999999972857e+01 5.000000000000000000e+00
5.252599999999972624e+01 5.000000000000000000e+00
5.252699999999972391e+01 5.000000000000000000e+00
5.252799999999972158e+01 5.000000000000000000e+00
5.252899999999971925e+01 5.000000000000000000e+00
5.252999999999971692e+01 5.000000000000000000e+00
5.253099999999971459e+01 5.000000000000000000e+00
5.253199999999971226e+01 5.000000000000000000e+00
5.253299999999970993e+01 5.000000000000000000e+00
5.253399999999970760e+01 5.000000000000000000e+00
5.253499999999970527e+01 5.000000000000000000e+00
5.253599999999970294e+01 5.000000000000000000e+00
5.253699999999970061e+01 5.000000000000000000e+00
5.253799999999969828e+01 5.000000000000000000e+00
5.253899999999969594e+01 5.000000000000000000e+00
5.253999999999969361e+01 5.000000000000000000e+00
5.254099999999969128e+01 5.000000000000000000e+00
5.254199999999968895e+01 5.000000000000000000e+00
5.254299999999968662e+01 5.000000000000000000e+00
5.254399999999968429e+01 5.000000000000000000e+00
5.254499999999968196e+01 5.000000000000000000e+00
5.254599999999967963e+01 5.000000000000000000e+00
5.254699999999967730e+01 5.000000000000000000e+00
5.254799999999967497e+01 5.000000000000000000e+00
5.254899999999967264e+01 5.000000000000000000e+00
5.254999999999967031e+01 5.000000000000000000e+00
5.255099999999966798e+01 5.000000000000000000e+00
5.255199999999966565e+01 5.000000000000000000e+00
5.255299999999966332e+01 5.000000000000000000e+00
5.255399999999966099e+01 5.000000000000000000e+00
5.255499999999965866e+01 5.000000000000000000e+00
5.255599999999965632e+01 5.000000000000000000e+00
5.255699999999965399e+01 5.000000000000000000e+00
5.255799999999965166e+01 5.000000000000000000e+00
5.255899999999964933e+01 5.000000000000000000e+00
5.255999999999964700e+01 5.000000000000000000e+00
5.256099999999964467e+01 5.000000000000000000e+00
5.256199999999964234e+01 5.000000000000000000e+00
5.256299999999964001e+01 5.000000000000000000e+00
5.256399999999963768e+01 5.000000000000000000e+00
5.256499999999963535e+01 5.000000000000000000e+00
5.256599999999963302e+01 5.000000000000000000e+00
5.256699999999963069e+01 5.000000000000000000e+00
5.256799999999962836e+01 5.000000000000000000e+00
5.256899999999962603e+01 5.000000000000000000e+00
5.256999999999962370e+01 5.000000000000000000e+00
5.257099999999962137e+01 5.000000000000000000e+00
5.257199999999961904e+01 5.000000000000000000e+00
5.257299999999961670e+01 5.000000000000000000e+00
5.257399999999961437e+01 5.000000000000000000e+00
5.257499999999961204e+01 5.000000000000000000e+00
5.257599999999960971e+01 5.000000000000000000e+00
5.257699999999960738e+01 5.000000000000000000e+00
5.257799999999960505e+01 5.000000000000000000e+00
5.257899999999960272e+01 5.000000000000000000e+00
5.257999999999960039e+01 5.000000000000000000e+00
5.258099999999959806e+01 5.000000000000000000e+00
5.258199999999959573e+01 5.000000000000000000e+00
5.258299999999959340e+01 5.000000000000000000e+00
5.258399999999959107e+01 5.000000000000000000e+00
5.258499999999958874e+01 5.000000000000000000e+00
5.258599999999958641e+01 5.000000000000000000e+00
5.258699999999958408e+01 5.000000000000000000e+00
5.258799999999958175e+01 5.000000000000000000e+00
5.258899999999957942e+01 5.000000000000000000e+00
5.258999999999957708e+01 5.000000000000000000e+00
5.259099999999957475e+01 5.000000000000000000e+00
5.259199999999957242e+01 5.000000000000000000e+00
5.259299999999957009e+01 5.000000000000000000e+00
5.259399999999956776e+01 5.000000000000000000e+00
5.259499999999956543e+01 5.000000000000000000e+00
5.259599999999956310e+01 5.000000000000000000e+00
5.259699999999956077e+01 5.000000000000000000e+00
5.259799999999955844e+01 5.000000000000000000e+00
5.259899999999955611e+01 5.000000000000000000e+00
5.259999999999955378e+01 5.000000000000000000e+00
5.260099999999955145e+01 5.000000000000000000e+00
5.260199999999954912e+01 5.000000000000000000e+00
5.260299999999954679e+01 5.000000000000000000e+00
5.260399999999954446e+01 5.000000000000000000e+00
5.260499999999954213e+01 5.000000000000000000e+00
5.260599999999953980e+01 5.000000000000000000e+00
5.260699999999953747e+01 5.000000000000000000e+00
5.260799999999953513e+01 5.000000000000000000e+00
5.260899999999953280e+01 5.000000000000000000e+00
5.260999999999953047e+01 5.000000000000000000e+00
5.261099999999952814e+01 5.000000000000000000e+00
5.261199999999952581e+01 5.000000000000000000e+00
5.261299999999952348e+01 5.000000000000000000e+00
5.261399999999952115e+01 5.000000000000000000e+00
5.261499999999951882e+01 5.000000000000000000e+00
5.261599999999951649e+01 5.000000000000000000e+00
5.261699999999951416e+01 5.000000000000000000e+00
5.261799999999951183e+01 5.000000000000000000e+00
5.261899999999950950e+01 5.000000000000000000e+00
5.261999999999950717e+01 5.000000000000000000e+00
5.262099999999950484e+01 5.000000000000000000e+00
5.262199999999950251e+01 5.000000000000000000e+00
5.262299999999950018e+01 5.000000000000000000e+00
5.262399999999949785e+01 5.000000000000000000e+00
5.262499999999949551e+01 5.000000000000000000e+00
5.262599999999949318e+01 5.000000000000000000e+00
5.262699999999949085e+01 5.000000000000000000e+00
5.262799999999948852e+01 5.000000000000000000e+00
5.262899999999948619e+01 5.000000000000000000e+00
5.262999999999948386e+01 5.000000000000000000e+00
5.263099999999948153e+01 5.000000000000000000e+00
5.263199999999947920e+01 5.000000000000000000e+00
5.263299999999947687e+01 5.000000000000000000e+00
5.263399999999947454e+01 5.000000000000000000e+00
5.263499999999947221e+01 5.000000000000000000e+00
5.263599999999946988e+01 5.000000000000000000e+00
5.263699999999946755e+01 5.000000000000000000e+00
5.263799999999946522e+01 5.000000000000000000e+00
5.263899999999946289e+01 5.000000000000000000e+00
5.263999999999946056e+01 5.000000000000000000e+00
5.264099999999945823e+01 5.000000000000000000e+00
5.264199999999945589e+01 5.000000000000000000e+00
5.264299999999945356e+01 5.000000000000000000e+00
5.264399999999945123e+01 5.000000000000000000e+00
5.264499999999944890e+01 5.000000000000000000e+00
5.264599999999944657e+01 5.000000000000000000e+00
5.264699999999944424e+01 5.000000000000000000e+00
5.264799999999944191e+01 5.000000000000000000e+00
5.264899999999943958e+01 5.000000000000000000e+00
5.264999999999943725e+01 5.000000000000000000e+00
5.265099999999943492e+01 5.000000000000000000e+00
5.265199999999943259e+01 5.000000000000000000e+00
5.265299999999943026e+01 5.000000000000000000e+00
5.265399999999942793e+01 5.000000000000000000e+00
5.265499999999942560e+01 5.000000000000000000e+00
5.265599999999942327e+01 5.000000000000000000e+00
5.265699999999942094e+01 5.000000000000000000e+00
5.265799999999941861e+01 5.000000000000000000e+00
5.265899999999941627e+01 5.000000000000000000e+00
5.265999999999941394e+01 5.000000000000000000e+00
5.266099999999941161e+01 5.000000000000000000e+00
5.266199999999940928e+01 5.000000000000000000e+00
5.266299999999940695e+01 5.000000000000000000e+00
5.266399999999940462e+01 5.000000000000000000e+00
5.266499999999940229e+01 5.000000000000000000e+00
5.266599999999939996e+01 5.000000000000000000e+00
5.266699999999939763e+01 5.000000000000000000e+00
5.266799999999939530e+01 5.000000000000000000e+00
5.266899999999939297e+01 5.000000000000000000e+00
5.266999999999939064e+01 5.000000000000000000e+00
5.267099999999938831e+01 5.000000000000000000e+00
5.267199999999938598e+01 5.000000000000000000e+00
5.267299999999938365e+01 5.000000000000000000e+00
5.267399999999938132e+01 5.000000000000000000e+00
5.267499999999937899e+01 5.000000000000000000e+00
5.267599999999937666e+01 5.000000000000000000e+00
5.267699999999937432e+01 5.000000000000000000e+00
5.267799999999937199e+01 5.000000000000000000e+00
5.267899999999936966e+01 5.000000000000000000e+00
5.267999999999936733e+01 5.000000000000000000e+00
5.268099999999936500e+01 5.000000000000000000e+00
5.268199999999936267e+01 5.000000000000000000e+00
5.268299999999936034e+01 5.000000000000000000e+00
5.268399999999935801e+01 5.000000000000000000e+00
5.268499999999935568e+01 5.000000000000000000e+00
5.268599999999935335e+01 5.000000000000000000e+00
5.268699999999935102e+01 5.000000000000000000e+00
5.268799999999934869e+01 5.000000000000000000e+00
5.268899999999934636e+01 5.000000000000000000e+00
5.268999999999934403e+01 5.000000000000000000e+00
5.269099999999934170e+01 5.000000000000000000e+00
5.269199999999933937e+01 5.000000000000000000e+00
5.269299999999933704e+01 5.000000000000000000e+00
5.269399999999933470e+01 5.000000000000000000e+00
5.269499999999933237e+01 5.000000000000000000e+00
5.269599999999933004e+01 5.000000000000000000e+00
5.269699999999932771e+01 5.000000000000000000e+00
5.269799999999932538e+01 5.000000000000000000e+00
5.269899999999932305e+01 5.000000000000000000e+00
5.269999999999932072e+01 5.000000000000000000e+00
5.270099999999931839e+01 5.000000000000000000e+00
5.270199999999931606e+01 5.000000000000000000e+00
5.270299999999931373e+01 5.000000000000000000e+00
5.270399999999931140e+01 5.000000000000000000e+00
5.270499999999930907e+01 5.000000000000000000e+00
5.270599999999930674e+01 5.000000000000000000e+00
5.270699999999930441e+01 5.000000000000000000e+00
5.270799999999930208e+01 5.000000000000000000e+00
5.270899999999929975e+01 5.000000000000000000e+00
5.270999999999929742e+01 5.000000000000000000e+00
5.271099999999929508e+01 5.000000000000000000e+00
5.271199999999929275e+01 5.000000000000000000e+00
5.271299999999929042e+01 5.000000000000000000e+00
5.271399999999928809e+01 5.000000000000000000e+00
5.271499999999928576e+01 5.000000000000000000e+00
5.271599999999928343e+01 5.000000000000000000e+00
5.271699999999928110e+01 5.000000000000000000e+00
5.271799999999927877e+01 5.000000000000000000e+00
5.271899999999927644e+01 5.000000000000000000e+00
5.271999999999927411e+01 5.000000000000000000e+00
5.272099999999927178e+01 5.000000000000000000e+00
5.272199999999926945e+01 5.000000000000000000e+00
5.272299999999926712e+01 5.000000000000000000e+00
5.272399999999926479e+01 5.000000000000000000e+00
5.272499999999926246e+01 5.000000000000000000e+00
5.272599999999926013e+01 5.000000000000000000e+00
5.272699999999925780e+01 5.000000000000000000e+00
5.272799999999925546e+01 5.000000000000000000e+00
5.272899999999925313e+01 5.000000000000000000e+00
5.272999999999925080e+01 5.000000000000000000e+00
5.273099999999924847e+01 5.000000000000000000e+00
5.273199999999924614e+01 5.000000000000000000e+00
5.273299999999924381e+01 5.000000000000000000e+00
5.273399999999924148e+01 5.000000000000000000e+00
5.273499999999923915e+01 5.000000000000000000e+00
5.273599999999923682e+01 5.000000000000000000e+00
5.273699999999923449e+01 5.000000000000000000e+00
5.273799999999923216e+01 5.000000000000000000e+00
5.273899999999922983e+01 5.000000000000000000e+00
5.273999999999922750e+01 5.000000000000000000e+00
5.274099999999922517e+01 5.000000000000000000e+00
5.274199999999922284e+01 5.000000000000000000e+00
5.274299999999922051e+01 5.000000000000000000e+00
5.274399999999921818e+01 5.000000000000000000e+00
5.274499999999921585e+01 5.000000000000000000e+00
5.274599999999921351e+01 5.000000000000000000e+00
5.274699999999921118e+01 5.000000000000000000e+00
5.274799999999920885e+01 5.000000000000000000e+00
5.274899999999920652e+01 5.000000000000000000e+00
5.274999999999920419e+01 5.000000000000000000e+00
5.275099999999920186e+01 5.000000000000000000e+00
5.275199999999919953e+01 5.000000000000000000e+00
5.275299999999919720e+01 5.000000000000000000e+00
5.275399999999919487e+01 5.000000000000000000e+00
5.275499999999919254e+01 5.000000000000000000e+00
5.275599999999919021e+01 5.000000000000000000e+00
5.275699999999918788e+01 5.000000000000000000e+00
5.275799999999918555e+01 5.000000000000000000e+00
5.275899999999918322e+01 5.000000000000000000e+00
5.275999999999918089e+01 5.000000000000000000e+00
5.276099999999917856e+01 5.000000000000000000e+00
5.276199999999917623e+01 5.000000000000000000e+00
5.276299999999917389e+01 5.000000000000000000e+00
5.276399999999917156e+01 5.000000000000000000e+00
5.276499999999916923e+01 5.000000000000000000e+00
5.276599999999916690e+01 5.000000000000000000e+00
5.276699999999916457e+01 5.000000000000000000e+00
5.276799999999916224e+01 5.000000000000000000e+00
5.276899999999915991e+01 5.000000000000000000e+00
5.276999999999915758e+01 5.000000000000000000e+00
5.277099999999915525e+01 5.000000000000000000e+00
5.277199999999915292e+01 5.000000000000000000e+00
5.277299999999915059e+01 5.000000000000000000e+00
5.277399999999914826e+01 5.000000000000000000e+00
5.277499999999914593e+01 5.000000000000000000e+00
5.277599999999914360e+01 5.000000000000000000e+00
5.277699999999914127e+01 5.000000000000000000e+00
5.277799999999913894e+01 5.000000000000000000e+00
5.277899999999913661e+01 5.000000000000000000e+00
5.277999999999913427e+01 5.000000000000000000e+00
5.278099999999913194e+01 5.000000000000000000e+00
5.278199999999912961e+01 5.000000000000000000e+00
5.278299999999912728e+01 5.000000000000000000e+00
5.278399999999912495e+01 5.000000000000000000e+00
5.278499999999912262e+01 5.000000000000000000e+00
5.278599999999912029e+01 5.000000000000000000e+00
5.278699999999911796e+01 5.000000000000000000e+00
5.278799999999911563e+01 5.000000000000000000e+00
5.278899999999911330e+01 5.000000000000000000e+00
5.278999999999911097e+01 5.000000000000000000e+00
5.279099999999910864e+01 5.000000000000000000e+00
5.279199999999910631e+01 5.000000000000000000e+00
5.279299999999910398e+01 5.000000000000000000e+00
5.279399999999910165e+01 5.000000000000000000e+00
5.279499999999909932e+01 5.000000000000000000e+00
5.279599999999909699e+01 5.000000000000000000e+00
5.279699999999909465e+01 5.000000000000000000e+00
5.279799999999909232e+01 5.000000000000000000e+00
5.279899999999908999e+01 5.000000000000000000e+00
5.279999999999908766e+01 5.000000000000000000e+00
5.280099999999908533e+01 5.000000000000000000e+00
5.280199999999908300e+01 5.000000000000000000e+00
5.280299999999908067e+01 5.000000000000000000e+00
5.280399999999907834e+01 5.000000000000000000e+00
5.280499999999907601e+01 5.000000000000000000e+00
5.280599999999907368e+01 5.000000000000000000e+00
5.280699999999907135e+01 5.000000000000000000e+00
5.280799999999906902e+01 5.000000000000000000e+00
5.280899999999906669e+01 5.000000000000000000e+00
5.280999999999906436e+01 1.000000000000000062e-09
